0.277
0.1738
0.2281
0.4304
0.4386
0.5172
0.5483
0.4499
0.5688
0.6319
0.7652
0.5495
0.5317
0.6419
0.5516
0.7039
0.7218
0.546
0.6151
0.8334
0.72
0.5613
0.6697
0.7975
0.8335
0.8392
0.8273
0.7304
0.8471
0.8349
0.8077
0.7917
0.8751
0.8636
0.7231
0.8703
0.8978
0.8887
0.7626
0.7607
0.8187
0.5843
0.7856
0.8852
0.8999
0.8265
0.8483
0.9018
0.9026
0.888
0.8969
0.8309
0.8144
0.7704
0.6743
0.8024
0.8729
0.909
0.903
0.5929
0.7534
0.8585
0.9032
0.8808
0.8778
0.8749
0.9019
0.91
0.8897
0.8874
0.9125
0.9135
0.8698
0.8961
0.908
0.8493
0.8757
0.8786
0.8976
0.9176
0.9269
0.8958
0.8911
0.9119
0.9248
0.9284
0.9067
0.9099
0.8538
0.8698
0.926
0.9331
0.9178
0.917
0.8761
0.9276
0.9037
0.9274
0.9302
0.8731
0.9281
0.913
0.9332
0.9007
0.9126
0.9166
0.9085
0.8997
0.8898
0.9196
0.9277
0.9222
0.9177
0.9286
0.9288
0.9304
0.9174
0.9052
0.9334
0.9377
0.93
0.9234
0.9292
0.9403
0.9231
0.9372
0.9372
0.8696
0.9191
0.9425
0.9395
0.8989
0.8931
0.9113
0.924
0.9345
0.9421
0.9353
0.944
0.9439
0.9209
0.9219
0.9357
0.9318
0.9118
0.9365
0.9395
0.9252
0.9476
0.9278
0.9224
0.9391
0.8361
0.8872
0.9028
0.9499
0.9485
0.9214
0.9158
0.9315
0.9327
0.9515
0.9299
0.9359
0.901
0.9198
0.9398
0.9466
0.9448
0.9305
0.9428
0.9478
0.9254
0.9325
0.8931
0.9373
0.928
0.878
0.9377
0.9445
0.9314
0.9218
0.9382
0.9487
0.9087
0.9393
0.9386
0.9548
0.9504
0.9466
0.9406
0.9487
0.9197
0.9385
0.9487
0.9532
0.9556
0.9449
0.9343
0.9234
0.9496
0.9492
0.9357
0.8935
0.9505
0.952
0.9453
0.9493
0.952
0.9493
0.9524
0.9509
0.9562
0.9544
0.9337
0.9463
0.9571
0.9367
0.9451
0.9343
0.9411
0.9496
0.9493
0.9364
0.9416
0.9415
0.9567
0.9534
0.9301
0.9206
0.9304
0.9401
0.9569
0.9423
0.9471
0.952
0.9557
0.9583
0.9588
0.9577
0.9516
0.9429
0.94
0.95
0.9613
0.9418
0.9615
0.9575
0.9284
0.9555
0.9306
0.9543
0.9578
0.9478
0.9552
0.9438
0.9589
0.931
0.8911
0.9388
0.9627
0.9579
0.9409
0.9378
0.9393
0.931
0.9507
0.9625
0.9468
0.9452
0.9563
0.959
0.9566
0.9623
0.9576
0.9518
0.9575
0.958
0.9082
0.9248
0.9535
0.9598
0.9638
0.9593
0.9422
0.9411
0.9465
0.9604
0.9573
0.9405
0.95
0.9157
0.9347
0.9516
0.954
0.9161
0.9532
0.9644
0.9621
0.9586
0.963
0.9567
0.9595
0.9653
0.957
0.9636
0.9606
0.9627
0.9569
0.9636
0.9634
0.9577
0.9477
0.9274
0.9136
0.9582
0.9197
0.9507
0.9651
0.9469
0.9448
0.9633
0.9608
0.9523
0.9652
0.9625
0.965
0.9629
0.961
0.9589
0.9628
0.9669
0.9492
0.9667
0.9677
0.9617
0.9605
0.9368
0.8965
0.8902
0.9587
0.9556
0.9684
0.9641
0.9583
0.9674
0.9674
0.9632
0.9645
0.9644
0.967
0.9582
0.9387
0.913
0.9478
0.9437
0.9682
0.9663
0.9661
0.9663
0.9654
0.9665
0.9671
0.961
0.9615
0.9451
0.953
0.9667
0.9695
0.9677
0.9666
0.9634
0.9674
0.9603
0.9531
0.9551
0.9667
0.9481
0.9542
0.9671
0.9636
0.9618
0.9596
0.9587
0.959
0.9591
0.9635
0.9649
0.962
0.9639
0.947
0.9602
0.9599
0.9452
0.9601
0.9698
0.9403
0.9351
0.9508
0.9615
0.9659
0.9657
0.9654
0.9636
0.9586
0.966
0.9585
0.97
