0.3146
0.3994
0.3209
0.3323
0.3345
0.3684
0.5043
0.5185
0.4884
0.4864
0.6232
0.767
0.7525
0.8047
0.7293
0.7841
0.8371
0.8095
0.7877
0.8827
0.7781
0.7348
0.672
0.8104
0.8199
0.7956
0.7583
0.8495
0.912
0.9021
0.9047
0.8959
0.9266
0.8562
0.7972
0.8674
0.9348
0.9059
0.9069
0.8691
0.9269
0.9153
0.9299
0.9119
0.9394
0.8901
0.8781
0.9328
0.9268
0.945
0.9167
0.8842
0.915
0.9193
0.9063
0.9205
0.9299
0.9438
0.934
0.9398
0.9235
0.757
0.8888
0.8828
0.9202
0.9437
0.9332
0.9464
0.9355
0.8371
0.8825
0.9427
0.9122
0.9158
0.8218
0.8388
0.9471
0.9292
0.9436
0.9376
0.9322
0.9346
0.9231
0.9103
0.8646
0.9053
0.9083
0.92
0.9425
0.929
0.9495
0.9457
0.9164
0.9443
0.9601
0.9405
0.9393
0.9394
0.9387
0.9227
0.9341
0.9414
0.9542
0.9562
0.9457
0.9461
0.9463
0.9515
0.9205
0.9548
0.9383
0.933
0.9466
0.8207
0.9389
0.961
0.9597
0.9576
0.9273
0.9344
0.8732
0.9481
0.9492
0.9463
0.953
0.9537
0.9287
0.9262
0.9474
0.959
0.9516
0.9406
0.9501
0.9326
0.9543
0.9537
0.9518
0.9658
0.9311
0.9405
0.9361
0.9552
0.9424
0.9343
0.9562
0.9351
0.9373
0.9381
0.9546
0.9507
0.9597
0.9601
0.9647
0.9487
0.9471
0.9528
0.9561
0.9547
0.9503
0.9582
0.9439
0.9507
0.9344
0.957
0.9462
0.9613
0.9505
0.9655
0.9648
0.9645
0.9476
0.9482
0.9655
0.9649
0.9499
0.9499
0.9585
0.955
0.9512
0.9573
0.9623
0.9503
0.9645
0.9457
0.9194
0.9438
0.9585
0.9681
0.9566
0.9561
0.9538
0.9142
0.9494
0.9666
0.9633
0.9612
0.9543
0.9633
0.9532
0.9626
0.9589
0.9604
0.9603
0.9557
0.9531
0.9378
0.9639
0.9702
