0.1307
0.2712
0.3466
0.2854
0.3587
0.4361
0.1895
0.3866
0.4959
0.4594
0.7127
0.5019
0.5891
0.6869
0.7428
0.7519
0.7009
0.7754
0.5149
0.699
0.6627
0.7203
0.7127
0.745
0.7991
0.715
0.732
0.8708
0.7567
0.7915
0.7223
0.8562
0.8854
0.7061
0.6354
0.8188
0.8583
0.8422
0.8911
0.8737
0.873
0.7068
0.6246
0.8262
0.8408
0.8122
0.854
0.763
0.902
0.8969
0.8992
0.8809
0.8278
0.7351
0.8918
0.9007
0.8976
0.8995
0.861
0.9006
0.8251
0.8106
0.8942
0.8923
0.8998
0.9009
0.9129
0.8889
0.8571
0.7479
0.8287
0.9199
0.9195
0.9026
0.8453
0.8342
0.8027
0.8836
0.9176
0.9255
0.9116
0.855
0.8557
0.929
0.9112
0.8929
0.8812
0.9154
0.9229
0.914
0.8954
0.8306
0.899
0.9165
0.8991
0.9253
0.9039
0.9058
0.9123
0.915
0.9217
0.9102
0.9019
0.9195
0.9288
0.9009
0.9233
0.9257
0.9282
0.9365
0.934
0.9267
0.9073
0.9279
0.9183
0.9269
0.9409
0.9371
0.9016
0.7572
0.9074
0.8461
0.8155
0.9184
0.9331
0.8911
0.9383
0.9074
0.9377
0.9334
0.9396
0.9029
0.9417
0.9383
0.9431
0.9398
0.9266
0.933
0.8969
0.9391
0.9388
0.936
0.9347
0.9156
0.9472
0.9354
0.9093
0.9415
0.9428
0.9215
0.9396
0.9464
0.9259
0.9294
0.9461
0.9179
0.9297
0.9197
0.9186
0.9349
0.9264
0.9242
0.9165
0.9283
0.9461
0.9447
0.951
0.9467
0.923
0.9025
0.9473
0.9423
0.951
0.9157
0.9425
0.9517
0.9508
0.9372
0.9414
0.9185
0.7857
0.9208
0.9475
0.9442
0.9474
0.9482
0.9383
0.9217
0.9313
0.9498
0.9358
0.9109
0.9243
0.9433
0.9396
0.9491
0.9406
0.953
0.9458
0.9354
0.9471
0.9481
0.9353
0.9391
0.9571
0.9529
0.9421
0.948
0.9473
0.955
0.939
0.9572
0.9259
0.8984
0.8798
0.909
0.9564
0.9376
0.9501
0.9553
0.9398
0.9388
0.948
0.9582
0.9546
0.9353
0.953
0.9453
0.9564
0.9521
0.9534
0.9325
0.9278
0.9546
0.9533
0.958
0.9533
0.9484
0.9434
0.9494
0.9107
0.955
0.9567
0.9548
0.9425
0.952
0.937
0.931
0.9392
0.9477
0.9412
0.8942
0.8771
0.9112
0.9487
0.96
0.9488
0.9595
0.9488
0.9512
0.9612
0.9585
0.9443
0.9591
0.9474
0.9606
0.9511
0.9563
0.9555
0.9219
0.9569
0.9577
0.9634
0.9602
0.962
0.9602
0.9637
0.9608
0.96
0.9616
0.9591
0.9644
0.9617
0.9544
0.9362
0.964
0.9592
0.9402
0.9347
0.9426
0.9416
0.9509
0.9597
0.9508
0.9552
0.9581
0.9472
0.9642
0.9584
0.9614
0.9507
0.9606
0.9579
0.9665
0.9616
0.9661
0.9623
0.9612
0.9613
0.9655
0.9626
0.9624
0.9585
0.953
0.9569
0.9637
0.959
0.9638
0.9596
0.9552
0.9571
0.9576
0.9591
0.9631
0.9634
0.963
0.9351
0.9444
0.9655
0.9625
0.9641
0.9643
0.9567
0.9579
0.9501
0.9539
0.9541
0.9652
0.9636
0.9644
0.9649
0.9617
0.9622
0.9663
0.9637
0.965
0.96
0.9561
0.9588
0.9651
0.9662
0.9536
0.9557
0.9593
0.9647
0.9622
0.9627
0.9616
0.966
0.9655
0.9533
0.9621
0.9504
0.943
0.967
0.957
0.9556
0.9662
0.9638
0.9657
0.9643
0.9623
0.9464
0.9411
0.9281
0.9541
0.965
0.9643
0.9653
0.9617
0.9632
0.9673
0.9669
0.9661
0.9668
0.9613
0.961
0.965
0.9662
0.9659
0.9627
0.9526
0.9629
0.9482
0.9443
0.9509
0.9568
0.9617
0.9642
0.9584
0.9517
0.9532
0.9647
0.9664
0.9667
0.9628
0.9656
0.9674
0.965
0.9677
0.9663
0.9669
0.9661
0.9602
0.9658
0.9671
0.962
0.9689
0.9636
0.9623
0.9667
0.9648
0.9465
0.962
0.9626
0.9563
0.9646
0.9645
0.965
0.9579
0.9646
0.9603
0.966
0.9606
0.9668
0.9664
0.9626
0.9681
0.9651
0.9679
0.9674
0.9698
0.9648
0.9652
0.9356
0.9214
0.9697
0.971
