0.1088
0.1148
0.121
0.1247
0.1329
0.1399
0.1443
0.1527
0.16
0.1663
0.1758
0.1897
0.2031
0.2062
0.214
0.2216
0.2304
0.2468
0.2484
0.2683
0.2711
0.2732
0.2874
0.2875
0.2946
0.2994
0.3112
0.3215
0.3212
0.3407
0.3432
0.3656
0.3809
0.3953
0.4019
0.4088
0.4162
0.4167
0.4254
0.4287
0.4295
0.4362
0.4492
0.4475
0.4531
0.4682
0.4504
0.4454
0.4452
0.4398
0.4331
0.4425
0.4542
0.4666
0.4835
0.4908
0.4933
0.5003
0.4934
0.4878
0.4898
0.5056
0.5102
0.5298
0.529
0.5474
0.554
0.5691
0.5755
0.5846
0.5634
0.5692
0.5492
0.5504
0.5386
0.5512
0.5778
0.5669
0.5705
0.5783
0.5776
0.5943
0.6134
0.6043
0.6075
0.6088
0.609
0.6154
0.6295
0.617
0.613
0.6265
0.628
0.6324
0.6368
0.622
0.6255
0.6116
0.6012
0.6193
0.6363
0.6275
0.6138
0.6086
0.6328
0.6245
0.6282
0.6289
0.6396
0.6459
0.6407
0.6614
0.6656
0.6586
0.6499
0.6571
0.6411
0.6584
0.6524
0.6585
0.6738
0.692
0.7007
0.6882
0.6891
0.703
0.7103
0.712
0.7152
0.715
0.7161
0.7141
0.699
0.6774
0.6741
0.694
0.6868
0.7067
0.7268
0.7076
0.7184
0.7086
0.691
0.7105
0.7252
0.7288
0.7404
0.7501
0.7482
0.7528
0.7558
0.7461
0.7304
0.7302
0.7271
0.733
0.719
0.7214
0.7086
0.7044
0.722
0.718
0.7453
0.7617
0.7673
0.7605
0.7591
0.7475
0.7409
0.7281
0.7425
0.7416
0.7394
0.7251
0.722
0.743
0.7574
0.7377
0.7524
0.7477
0.7521
0.7406
0.7259
0.7269
0.7192
0.7292
0.7512
0.7628
0.7733
0.7685
0.7793
0.7807
0.7792
0.7834
0.7777
0.7674
0.7528
0.7464
0.7526
0.7701
0.7785
0.7764
0.7767
0.7905
0.7846
0.7742
0.7669
0.7802
0.778
0.7874
0.7825
0.7792
0.7853
0.7845
0.7875
0.7927
0.7806
0.7872
0.7885
0.7836
0.7787
0.7945
0.7891
0.7901
0.795
0.7855
0.7786
0.7839
0.7901
0.7948
0.8044
0.8061
0.8157
0.8209
0.8185
0.8215
0.8203
0.8207
0.8165
0.8043
0.8191
0.8208
0.8215
0.8247
0.8212
0.8262
0.8254
0.8251
0.8257
0.8232
0.8137
0.8095
0.8127
0.8186
0.8026
0.8074
0.7929
0.8012
0.827
0.8239
0.83
0.8323
0.83
0.8203
0.8124
0.8234
0.8252
0.8289
0.8291
0.8307
0.8357
0.8384
0.8332
0.8234
0.8194
0.8145
0.813
0.7972
0.8103
0.8264
0.8317
0.8354
0.8408
0.8376
0.8394
0.8272
0.8265
0.8256
0.8167
0.8262
0.8327
0.8321
0.8388
0.831
0.8195
0.8349
0.832
0.8295
0.8251
0.8234
0.8137
0.8005
0.8268
0.8413
0.844
0.8393
0.8372
0.8475
0.8392
0.8374
0.8316
0.8436
0.8385
0.8441
0.8438
0.8402
0.8465
0.8419
0.8364
0.8268
0.8212
0.8404
0.8438
0.8518
0.8522
0.8441
0.8347
0.8289
0.8412
0.8415
0.8519
0.855
0.8554
0.8555
0.8546
0.8541
0.8557
0.8572
0.8559
0.8596
0.8542
0.8483
0.8532
0.8586
0.8595
0.8508
0.8485
0.8572
0.8604
0.861
0.8533
0.8503
0.8561
0.8514
0.8583
0.8477
0.8521
0.8538
0.8587
0.8565
0.8499
0.8593
0.8637
0.865
0.864
0.8604
0.8646
0.861
0.8667
0.8673
0.8668
0.8653
0.8644
0.8676
0.8681
0.8633
0.8619
0.8543
0.8458
0.8589
0.8534
0.8584
0.8696
0.8681
0.8687
0.8645
0.8667
0.8673
0.8678
0.8692
0.8692
0.8655
0.8716
0.8701
0.8699
0.869
0.8704
0.8715
0.8725
0.8716
0.8719
0.8688
0.8728
0.8691
0.8694
0.8695
0.8706
0.8679
0.87
0.8693
0.8673
0.8691
0.8692
0.8626
0.8623
0.867
0.8664
0.8713
0.8749
0.8736
0.8735
0.8599
0.8463
0.8352
0.8563
0.8627
0.863
0.8688
0.8695
0.8655
0.868
0.8681
0.8746
0.8753
0.8754
0.8773
0.876
0.8715
0.8722
0.87
0.8599
0.8527
0.8537
0.8478
0.8606
0.8608
0.8725
0.8656
0.8644
0.8684
0.8761
0.8743
0.8695
0.8605
0.873
0.877
0.8753
0.8777
0.8734
0.8775
0.8794
0.8783
0.879
0.878
0.875
0.8706
0.869
0.877
0.8762
0.8781
0.8786
0.8763
0.8769
0.8755
0.8732
0.8723
0.8709
0.8746
0.8729
0.8762
0.8808
0.8835
0.883
0.8799
0.8797
0.8816
0.8787
0.8818
0.8833
0.8813
0.8737
0.8682
0.8745
0.8749
0.8754
0.8749
0.8825
0.8826
0.8835
0.882
0.8824
0.8808
0.8811
0.8805
0.8833
0.8826
0.882
0.8848
0.8836
0.8823
0.8817
0.881
0.8807
0.8825
0.8834
0.8816
0.884
0.884
0.8825
0.8838
0.8851
0.8849
0.8848
0.885
0.8816
0.8852
0.8857
0.883
0.8828
0.8864
0.8843
0.8821
0.8852
0.8865
0.8813
0.8805
0.8845
0.8851
0.8869
0.8829
0.8867
0.8873
0.8861
0.8849
0.8852
0.8824
0.8837
0.8841
0.8816
0.8875
0.8886
0.8858
0.8881
0.8888
0.8871
0.8872
0.8893
0.8894
0.8877
0.8864
0.8872
0.8878
0.8857
0.8863
0.8865
0.8853
0.8874
0.8867
0.8872
0.8863
0.8864
0.8865
0.8844
0.8838
0.887
0.8881
0.8893
0.8887
0.8883
0.8903
0.8906
0.8894
0.8896
0.8903
0.8904
0.8896
0.8902
0.8877
0.8857
0.8877
0.8867
0.8832
0.8902
0.8886
0.8889
0.8907
0.8891
0.8924
0.8915
0.889
0.8854
0.8893
0.8904
0.8871
0.8819
0.8903
0.8855
0.8839
0.884
0.8799
0.8815
0.8916
0.8908
0.8906
0.8909
0.8921
0.8886
0.8871
0.8893
0.8896
0.891
0.8918
0.893
0.8924
0.8931
0.8921
0.8917
0.8907
0.8937
0.8917
0.8922
0.8919
0.8884
0.8872
0.8831
0.8924
0.8896
0.8905
0.8942
0.894
0.8933
0.8934
0.8919
0.8935
0.8926
0.8908
0.8875
0.8836
0.8885
0.8896
0.8917
0.8927
0.8939
0.8944
0.8949
0.8961
0.8951
0.8961
0.8953
0.894
0.8937
0.8964
0.8955
0.8966
0.895
0.8951
0.8936
0.8939
0.894
0.8929
0.8951
0.8961
0.8938
0.8957
0.8956
0.8934
0.895
0.8945
0.8962
0.8964
0.8955
0.8971
0.8975
0.8953
0.8945
0.8944
0.8933
0.8924
0.8875
0.8872
0.8918
0.896
0.8966
0.8961
0.894
0.8944
0.8965
0.8956
0.8957
0.8963
0.8944
0.8961
0.896
0.8957
0.8972
0.8981
0.8971
0.8957
0.8968
0.8968
0.896
0.8966
0.8974
0.8959
0.8949
0.8963
0.8956
0.898
0.8965
0.8988
0.8973
0.8957
0.8966
0.8995
0.8985
0.8985
0.899
0.8964
0.8952
0.8985
0.8985
0.8988
0.8993
0.8974
0.8947
0.8945
0.8954
0.895
0.8944
0.8955
0.8972
0.8973
0.9004
0.8985
0.8985
0.8985
0.9002
0.8974
0.8984
0.8996
0.8991
0.8996
0.8994
0.8993
0.8977
0.8997
0.8989
0.8994
0.8984
0.8996
0.8987
0.8979
0.8985
0.9003
0.9001
0.8993
0.9004
0.9004
0.8972
0.8977
0.8996
0.9005
0.8975
0.9003
0.8981
0.8998
0.8991
0.8999
0.8994
0.8983
0.898
0.8993
0.8996
0.9007
0.9011
0.9003
0.9009
0.8998
0.899
0.8973
0.898
0.8933
0.8918
0.892
0.8965
0.9005
0.8964
0.8957
0.8978
0.9
0.9003
0.9002
0.9021
0.9012
0.9014
0.9017
0.9021
0.9005
0.9
0.8999
0.899
0.9005
0.9015
0.9003
0.8999
0.9022
0.9003
0.9002
0.9017
0.9018
0.9019
0.901
0.9027
0.9006
0.8999
0.9001
0.9024
0.9018
0.9041
0.9033
0.9017
0.9002
0.9
0.9011
0.9009
0.9004
0.9015
0.9017
0.9021
0.9016
0.9005
0.9005
0.9021
0.9008
0.9015
0.9008
0.904
0.9039
0.9029
0.9048
0.9038
0.9032
0.9032
0.9022
0.9044
0.8995
0.8991
0.8991
0.8964
0.8978
0.9027
0.903
0.9008
0.9022
0.901
0.9039
0.9032
0.9022
0.9048
0.903
0.9052
0.9063
0.9044
0.8988
0.8996
0.9043
0.9026
0.8987
0.9039
0.9052
0.9051
0.9052
0.9053
0.9058
0.9056
0.9051
0.906
0.9041
0.9023
0.9034
0.905
0.905
0.9044
0.9035
0.9056
0.9042
0.9044
0.9036
0.9045
0.9051
0.9024
0.903
0.9048
0.9059
0.9061
0.9037
0.9032
0.9038
0.9055
0.9044
0.9019
0.9063
0.9053
0.9048
0.9057
0.9061
0.9064
0.9061
0.9065
0.9055
0.9047
0.9069
0.9075
0.9067
0.9064
0.905
0.9066
0.9062
0.9063
0.9059
0.906
0.9043
0.9003
0.9048
0.9037
0.9043
0.9058
0.906
0.9046
0.907
0.9075
0.908
0.9067
0.903
0.9048
0.9041
0.9062
0.907
0.9062
0.9059
0.9045
0.9045
0.9073
0.9054
0.9058
0.9069
0.9072
0.9073
0.9084
0.9085
0.9086
0.9079
0.9079
0.9069
0.9092
0.9087
0.9078
0.9088
0.9066
0.9073
0.9057
0.9066
0.9077
0.9054
0.909
0.9073
0.9065
0.9074
0.9081
0.9081
0.9091
0.9076
0.9049
0.9033
0.9052
0.9088
0.9079
0.908
0.9054
0.9065
0.9083
0.9061
0.9074
0.9084
0.9079
0.9088
0.9076
0.9083
0.9087
0.909
0.9057
0.9091
0.9085
0.9077
0.9072
0.9076
0.9085
0.9101
0.9099
0.9092
0.9093
0.9074
0.9067
0.9056
0.9055
0.9088
0.9061
0.9058
0.9093
0.909
0.9101
0.9098
0.9091
0.9104
0.9093
0.9099
0.9094
0.9081
0.9094
0.9093
0.909
0.9093
0.9054
0.9067
0.9091
0.9081
0.9076
0.9071
0.9085
0.9088
0.9074
0.9086
0.9066
0.9056
0.9044
0.9033
0.9085
0.9093
0.9085
0.907
0.9078
0.9081
0.9081
0.908
0.9078
0.9075
0.9087
0.9084
0.9078
0.9089
0.909
0.91
0.9097
0.9082
0.9109
0.9092
0.9084
0.91
0.91
0.9104
0.9104
0.9094
0.9101
0.9089
0.9108
0.9092
0.9111
0.9094
0.9099
0.9096
0.9108
0.9118
0.9106
0.9107
0.9098
0.9103
0.9105
0.9108
0.911
0.9114
0.9095
0.9085
0.9125
0.9111
0.9113
0.9124
0.9076
0.9101
0.9112
0.9115
0.9118
0.9109
0.9105
0.9105
0.9112
0.9108
0.9113
0.9075
0.9075
0.9107
0.9117
0.9112
0.9113
0.9111
0.911
0.9097
0.9091
0.9128
0.9108
0.9126
0.912
0.9124
0.9123
0.9115
0.9116
0.9105
0.9119
0.9132
0.9118
0.9121
0.9106
0.9101
0.9103
0.9087
0.9127
0.912
0.9115
0.9095
0.9127
0.9118
0.9127
0.9125
0.9131
0.9124
0.9125
0.9126
0.9122
0.9121
0.9107
0.9129
0.9129
0.9136
0.9128
0.9132
0.9117
0.913
0.9123
0.912
0.9119
0.9139
0.9133
0.912
0.9116
0.9119
0.9131
0.9138
0.9132
0.9142
0.9122
0.9135
0.9133
0.9141
0.9141
0.913
0.9126
0.9115
0.9114
0.9113
0.9127
0.9124
0.9119
0.9114
0.9106
0.9105
0.9121
0.9124
0.9126
0.9113
0.9122
0.9134
0.9129
0.9143
0.9142
0.9131
0.912
0.9123
0.9117
0.9134
0.912
0.9127
0.9121
0.9135
0.9138
0.9135
0.914
0.9129
0.911
0.9124
0.9112
0.9104
0.9121
0.9137
0.9139
0.9143
0.9125
0.9138
0.9144
0.9147
0.9142
0.9146
0.9141
0.9144
0.9143
0.9143
0.913
0.9126
0.9137
0.9146
0.9141
0.9135
0.9126
0.9136
0.9152
0.9146
0.9144
0.9138
0.9147
0.9145
0.9153
0.9152
0.9149
0.914
0.914
0.915
0.9151
0.9143
0.9152
0.9149
0.9152
0.9141
0.9148
0.9152
0.9139
0.9135
0.9136
0.9144
0.9141
0.9141
0.9143
0.9144
0.9148
0.915
0.9148
0.915
0.9145
0.9132
0.9142
0.9152
0.9156
0.9154
0.9147
0.9127
0.911
0.9133
0.9119
0.9147
0.9102
0.9143
0.9137
0.9161
0.9155
0.9138
0.9143
0.9149
0.9154
0.9145
0.9145
0.9153
0.9152
0.9142
0.9133
0.9134
0.9148
0.9129
0.9153
0.9147
0.9147
0.9157
0.9155
0.9146
0.9145
0.9142
0.9156
0.9162
0.9153
0.9149
0.9154
0.9163
0.9157
0.9156
0.9156
0.9153
0.916
0.9165
0.9151
0.9154
0.9153
0.9158
0.9148
0.9161
0.9161
0.9149
0.9135
0.9143
0.9152
0.9153
0.9175
0.9167
0.9172
0.9173
0.9164
0.9161
0.9169
0.9162
0.9161
0.9163
0.9164
0.9169
0.9163
0.9171
0.9157
0.9173
0.916
0.9156
0.9165
0.9162
0.9166
0.9147
0.9166
0.9169
0.9171
0.9171
0.9155
0.9171
0.9179
0.9164
0.9162
0.9174
0.917
0.9165
0.9147
0.9162
0.9147
0.9163
0.9172
0.9179
0.9177
0.9172
0.9161
0.9176
0.9174
0.9151
0.9158
0.9161
0.9154
0.9161
0.9157
0.9158
0.9163
0.917
0.9164
0.9153
0.9157
0.9153
0.9169
0.9173
0.9171
0.9178
0.9141
0.9145
0.915
0.9173
0.9171
0.9165
0.9174
0.9177
0.9183
0.9183
0.9174
0.917
0.9175
0.9179
0.9154
0.9183
0.9179
0.9176
0.9174
0.9176
0.9178
0.9172
0.917
0.9186
0.9183
0.9174
0.9178
0.9168
0.9177
0.9187
0.9169
0.9175
0.9173
0.9169
0.9169
0.9173
0.9176
0.9173
0.9173
0.9169
0.9172
0.9176
0.9167
0.9179
0.9185
0.9182
0.9175
0.9178
0.9191
0.9172
0.9169
0.9173
0.9183
0.9182
0.9193
0.9185
0.9183
0.9185
0.9172
0.9191
0.9194
0.9194
0.9187
0.9186
0.9185
0.9175
0.9171
0.9168
0.9191
0.9181
0.9187
0.9185
0.9198
0.9194
0.9192
0.9177
0.9192
0.9184
0.9187
0.9189
0.9186
0.919
0.9187
0.9189
0.9174
0.9181
0.9194
0.9192
0.9189
0.9186
0.9184
0.9183
0.9189
0.9187
0.9196
0.9179
0.9187
0.9191
0.9144
0.9181
0.9197
0.919
0.9194
0.9192
0.9192
0.9185
0.9172
0.919
0.9185
0.9189
0.9201
0.9198
0.9193
0.9189
0.918
0.9193
0.9153
0.9164
0.9191
0.9199
0.9187
0.9162
0.9196
0.9193
0.9184
0.9191
0.9203
0.9188
0.918
0.9165
0.919
0.9189
0.9202
0.9188
0.9198
0.9192
0.9208
0.9203
0.9199
0.9204
0.9204
0.9202
0.9189
0.9201
0.9199
0.919
0.9182
0.9179
0.9165
0.9198
0.9203
0.92
0.92
0.9206
0.9196
0.9198
0.9188
0.9191
0.9188
0.9154
0.9134
0.9157
0.9161
0.9188
0.9198
0.9181
0.9197
0.9189
0.9198
0.9197
0.9194
0.9193
0.9162
0.9176
0.9171
0.9154
0.9139
0.917
0.9191
0.92
0.9202
0.9196
0.9192
0.9186
0.9191
0.9181
0.917
0.9191
0.9187
0.9198
0.9194
0.92
0.92
0.92
0.92
0.921
0.9208
0.9187
0.9202
0.9196
0.9194
0.9197
0.9198
0.9198
0.92
0.9193
0.9189
0.9194
0.9198
0.9209
0.9211
0.9211
0.9204
0.9199
0.9218
0.9205
0.9201
0.921
0.921
0.9203
0.9201
0.9207
0.9216
0.9211
0.9211
0.9206
0.9206
0.9218
0.9209
0.9191
0.9207
0.9197
0.9199
0.9211
0.9211
0.9216
0.921
0.9216
0.9211
0.9222
0.9219
0.9219
0.9214
0.9215
0.9207
0.9208
0.9217
0.9209
0.9206
0.9214
0.9196
0.9195
0.9209
0.9212
0.9211
0.9202
0.9206
0.9201
0.9208
0.9219
0.9204
0.9207
0.9205
0.9204
0.9212
0.9209
0.9218
0.9214
0.922
0.9217
0.9218
0.9213
0.9213
0.9212
0.9217
0.9224
0.9221
0.9219
0.9218
0.9222
0.9218
0.9212
0.9211
0.9214
0.9215
0.9223
0.9212
0.9215
0.9213
0.9221
0.9213
0.9208
0.9212
0.9214
0.9204
0.921
0.9213
0.922
0.9216
0.9221
0.9213
0.9212
0.9192
0.9197
0.9194
0.9191
0.9204
0.9227
0.9225
0.9227
0.9221
0.922
0.9228
0.9214
0.9224
0.9228
0.9196
0.9218
0.9217
0.9226
0.9227
0.921
0.9212
0.9183
0.9212
0.9228
0.9226
0.9222
0.9232
0.9232
0.9216
0.9221
0.9228
0.9218
0.9221
0.9211
0.9219
0.9221
0.9232
0.923
0.9211
0.919
0.9183
0.9187
0.9201
0.9218
0.9217
0.9203
0.9218
0.9226
0.9226
0.9229
0.9227
0.9224
0.9224
0.9222
0.923
0.9236
0.923
0.9225
0.9225
0.9231
0.9224
0.9231
0.9231
0.9222
0.922
0.9232
0.9229
0.9225
0.923
0.923
0.9223
0.9222
0.9221
0.922
0.9223
0.9212
0.9226
0.9225
0.9228
0.9228
0.9226
0.9224
0.9229
0.9225
0.9228
0.9232
0.922
0.9208
0.9218
0.922
0.9223
0.9226
0.9221
0.9232
0.9234
0.9232
0.9233
0.9218
0.9226
0.9228
0.9229
0.9231
0.9237
0.924
0.9237
0.9236
0.9241
0.9238
0.9222
0.9235
0.9228
0.9234
0.9239
0.9236
0.9224
0.9229
0.9227
0.923
0.9238
0.9236
0.9239
0.9236
0.9235
0.924
0.9229
0.9234
0.9231
0.9232
0.9239
0.9232
0.9232
0.9236
0.9236
0.9217
0.9241
0.9238
0.9232
0.9222
0.9233
0.9233
0.9246
0.9253
0.9239
0.924
0.9243
0.9238
0.9231
0.9234
0.9237
0.9238
0.9238
0.9235
0.9233
0.9236
0.9232
0.9237
0.9234
0.9243
0.9244
0.9238
0.9236
0.9235
0.9236
0.9238
0.9242
0.9246
0.9242
0.9238
0.9232
0.9244
0.9243
0.924
0.9246
0.924
0.924
0.9243
0.9236
0.924
0.9236
0.9251
0.9241
0.9241
0.9242
0.9236
0.9233
0.9248
0.9241
0.9245
0.9227
0.924
0.9245
0.9236
0.9243
0.9232
0.9234
0.9228
0.9235
0.9228
0.9236
0.923
0.9234
0.923
0.9224
0.9239
0.9233
0.9237
0.9238
0.9245
0.9251
0.9238
0.9246
0.9248
0.9252
0.9244
0.9247
0.9254
0.925
0.9245
0.9242
0.9256
0.925
0.9242
0.9254
0.9257
0.9256
0.9255
0.9254
0.925
0.9253
0.9251
0.9248
0.9244
0.9233
0.9241
0.9242
0.9233
0.9232
0.9242
0.9254
0.9253
0.9246
0.9255
0.9255
0.9243
0.9244
0.9257
0.9257
0.9251
0.9258
0.9249
0.923
0.9245
0.9241
0.9247
0.9235
0.9235
0.9245
0.9247
0.9243
0.9251
0.9248
0.9249
0.9248
0.9256
0.9261
0.9247
0.9255
0.9249
0.9225
0.9215
0.9225
0.9249
0.9243
0.9226
0.9235
0.9236
0.9242
0.9244
0.9253
0.9248
0.9253
0.9251
0.9253
0.9255
0.9244
0.9255
0.9256
0.9253
0.9255
0.9257
0.9253
0.9251
0.9249
0.9248
0.9232
0.9242
0.9247
0.9246
0.9251
0.9251
0.9247
0.925
0.9251
0.9247
0.9257
0.9256
0.9253
0.9253
0.9249
0.9241
