0.4296
0.6549
0.6727
0.7384
0.7911
0.8155
0.8357
0.8486
0.858
0.8655
0.8732
0.8791
0.8848
0.8885
0.8914
0.8923
0.8965
0.8964
0.9001
0.9018
0.903
0.9037
0.9076
0.9072
0.9089
0.9096
0.9118
0.9108
0.9138
0.9137
0.9147
0.9155
0.9161
0.9182
0.9175
0.9187
0.921
0.9186
0.9222
0.9218
0.9211
0.9233
0.9233
0.9253
0.9232
0.9267
0.9253
0.9286
0.9291
0.9286
0.9293
0.93
0.9291
0.9314
0.9304
0.9325
0.9316
0.9333
0.9324
0.9326
0.9324
0.935
0.9341
0.9337
0.9369
0.9351
0.9356
0.9359
0.9377
0.9368
0.9375
0.9385
0.9389
0.939
0.9387
0.9397
0.9398
0.9404
0.9419
0.941
0.941
0.9433
0.9431
0.943
0.9442
0.9456
0.9436
0.9458
0.944
0.9464
0.9461
0.9449
0.945
0.948
0.9475
0.9479
0.9471
0.9474
0.9489
0.9475
0.949
0.9484
0.9484
0.9496
0.95
0.949
0.9503
0.9506
0.9512
0.9517
0.9514
0.9504
0.952
0.9503
0.9521
0.9524
0.9519
0.9529
0.9527
0.9532
0.9534
0.9527
0.9537
0.9536
0.9541
0.9525
0.9539
0.9545
0.9543
0.9552
0.9538
0.9552
0.9557
0.9567
0.9572
0.9563
0.956
0.9562
0.9572
0.9567
0.9581
0.9573
0.9577
0.9558
0.9582
0.9577
0.958
0.9583
0.9577
0.9591
0.9595
0.9596
0.959
0.9596
0.9593
0.9606
0.9596
0.9598
0.9602
0.9609
0.9607
0.9612
0.9616
0.9622
0.9612
0.9617
0.962
0.9618
0.962
0.9621
0.9623
0.963
0.9618
0.9626
0.9622
0.9627
0.9613
0.9629
0.9629
0.9615
0.9628
0.9623
0.9636
0.9628
0.9629
0.963
0.9628
0.9637
0.9637
0.9638
0.9638
0.9648
0.9648
0.9651
0.9649
0.9651
0.9645
0.9652
0.9643
0.9653
0.9654
0.965
0.9647
0.9648
0.966
0.966
0.9661
0.9653
0.9665
0.9652
0.9658
0.9667
0.967
0.9656
0.9663
0.9657
0.9662
0.9661
0.967
0.9658
0.9668
0.966
0.9668
0.9673
0.9667
0.9673
0.9672
0.9673
0.967
0.9671
0.967
0.9672
0.9683
0.9671
0.9675
0.9671
0.9675
0.9669
0.9671
0.9675
0.9678
0.969
0.9682
0.9691
0.968
0.9686
0.9687
0.9685
0.969
0.9694
0.9683
0.97
