0.5944
0.71
0.7522
0.7956
0.8317
0.8457
0.8633
0.8732
0.8814
0.8855
0.887
0.8917
0.8917
0.8935
0.9002
0.8975
0.8984
0.9018
0.9063
0.9067
0.9096
0.9101
0.9131
0.914
0.916
0.9184
0.9182
0.9214
0.9211
0.923
0.9223
0.9216
0.9263
0.9219
0.9278
0.9269
0.9282
0.9245
0.9263
0.9298
0.9304
0.9297
0.9321
0.9315
0.9331
0.935
0.9353
0.9359
0.9366
0.9348
0.9341
0.9363
0.9369
0.9373
0.9394
0.9384
0.9384
0.9396
0.9392
0.9415
0.9394
0.941
0.9399
0.9419
0.9421
0.9426
0.9443
0.944
0.9454
0.9433
0.9457
0.9454
0.9451
0.9455
0.9474
0.948
0.9462
0.9483
0.9473
0.9486
0.9475
0.9483
0.9498
0.949
0.9501
0.9501
0.951
0.9504
0.9517
0.9514
0.9522
0.9523
0.952
0.9517
0.9526
0.954
0.9527
0.9534
0.9548
0.9548
0.9553
0.9542
0.9553
0.9539
0.9558
0.9568
0.9573
0.9572
0.9571
0.9567
0.9582
0.9581
0.9581
0.9574
0.9583
0.9586
0.9581
0.9592
0.9589
0.9608
0.9592
0.9596
0.9607
0.9596
0.9611
0.9612
0.96
0.9612
0.9616
0.9617
0.9617
0.9621
0.9613
0.9613
0.962
0.9631
0.963
0.9629
0.9632
0.9623
0.9638
0.9645
0.9629
0.9641
0.9643
0.9634
0.9644
0.9628
0.9646
0.9636
0.9641
0.9656
0.965
0.9651
0.9653
0.964
0.9646
0.9651
0.9659
0.9658
0.9657
0.9652
0.9658
0.9657
0.9661
0.9653
0.9663
0.9676
0.9664
0.9673
0.9664
0.9664
0.9662
0.9671
0.9669
0.9676
0.9673
0.9684
0.9672
0.9684
0.9676
0.9677
0.9678
0.968
0.9677
0.9682
0.9683
0.9697
0.9685
0.969
0.9694
0.9694
0.9695
0.9703
