0.2096
0.1853
0.2379
0.3039
0.5064
0.4111
0.4256
0.4931
0.539
0.4199
0.4742
0.713
0.7203
0.6347
0.6772
0.7095
0.7183
0.6933
0.7488
0.86
0.745
0.6863
0.7898
0.7368
0.7775
0.7358
0.6766
0.6678
0.7865
0.7507
0.5711
0.6245
0.6082
0.7115
0.7901
0.7871
0.895
0.8706
0.7945
0.6409
0.8224
0.7871
0.8923
0.8991
0.6422
0.8737
0.7612
0.8496
0.8594
0.893
0.8951
0.8928
0.8639
0.7613
0.8648
0.8944
0.8215
0.8975
0.8687
0.8589
0.9112
0.9032
0.8746
0.8914
0.8809
0.9074
0.8592
0.8549
0.886
0.9036
0.7915
0.8362
0.897
0.8928
0.7809
0.8482
0.897
0.8414
0.8476
0.9044
0.8942
0.8773
0.8848
0.8778
0.8894
0.9132
0.9215
0.9177
0.8978
0.9203
0.8893
0.8694
0.85
0.91
0.9212
0.9195
0.9128
0.8865
0.8879
0.886
0.9316
0.916
0.9205
0.9161
0.8585
0.8386
0.8199
0.9082
0.9283
0.9302
0.912
0.8645
0.9252
0.9311
0.9311
0.8685
0.9302
0.9102
0.92
0.924
0.904
0.9073
0.9154
0.9248
0.9186
0.8813
0.8075
0.839
0.8641
0.9015
0.9075
0.9306
0.9227
0.9224
0.9137
0.9301
0.915
0.913
0.9124
0.9241
0.9188
0.9296
0.9277
0.9308
0.9254
0.9394
0.9278
0.8897
0.9322
0.9338
0.907
0.9274
0.9427
0.9397
0.9251
0.8769
0.7971
0.9151
0.9291
0.9318
0.9347
0.942
0.9237
0.9384
0.9146
0.9263
0.8937
0.9376
0.938
0.9361
0.9364
0.9321
0.9325
0.9144
0.9335
0.9349
0.9402
0.9026
0.9389
0.9416
0.9481
0.9396
0.9386
0.8948
0.9247
0.9214
0.9444
0.9193
0.9304
0.9375
0.9394
0.9295
0.9417
0.9506
0.9276
0.9498
0.9496
0.943
0.9466
0.9342
0.9418
0.9342
0.9355
0.8934
0.9465
0.9375
0.8833
0.9222
0.9093
0.9296
0.9266
0.9353
0.9487
0.9337
0.9214
0.9499
0.9478
0.9466
0.9346
0.9442
0.9393
0.9159
0.9281
0.9392
0.9409
0.9101
0.9236
0.9475
0.9374
0.9089
0.9467
0.9431
0.9438
0.9497
0.9501
0.9498
0.9324
0.9495
0.9137
0.9346
0.9327
0.9457
0.9454
0.9534
0.931
0.9398
0.9471
0.9518
0.9518
0.952
0.9465
0.9564
0.9507
0.9466
0.9532
0.9361
0.95
0.9474
0.9441
0.9549
0.9354
0.939
0.9415
0.9531
0.9525
0.9378
0.9406
0.9453
0.951
0.9511
0.943
0.9216
0.9334
0.9552
0.9593
0.9466
0.9603
0.9456
0.9288
0.9563
0.9319
0.9462
0.9502
0.909
0.9508
0.9471
0.9554
0.9575
0.9156
0.9468
0.9388
0.9217
0.9394
0.9582
0.948
0.9247
0.9474
0.9561
0.9553
0.9531
0.9535
0.9594
0.931
0.9531
0.9594
0.9393
0.955
0.9529
0.9312
0.9534
0.9523
0.9571
0.96
0.9595
0.954
0.9572
0.9607
0.952
0.9577
0.9528
0.9479
0.9507
0.9624
0.9562
0.9575
0.9554
0.9541
0.9532
0.9562
0.9541
0.9505
0.9612
0.9628
0.9555
0.9495
0.9433
0.9598
0.9636
0.9597
0.9612
0.9551
0.9621
0.9493
0.9602
0.9656
0.9594
0.9589
0.9528
0.9607
0.9617
0.9433
0.9576
0.9487
0.9533
0.9508
0.9607
0.9549
0.9557
0.9099
0.953
0.959
0.9638
0.9601
0.9566
0.9541
0.9489
0.9604
0.9298
0.9606
0.9613
0.9427
0.9581
0.9507
0.9562
0.9643
0.9648
0.9559
0.9554
0.9651
0.9493
0.9547
0.9582
0.9623
0.954
0.9632
0.9639
0.9603
0.9588
0.9607
0.9554
0.9637
0.9656
0.963
0.9601
0.9621
0.9622
0.9488
0.9619
0.9667
0.9458
0.9598
0.961
0.9622
0.9639
0.9648
0.9578
0.9641
0.9643
0.9675
0.9363
0.9647
0.9658
0.9572
0.9654
0.9649
0.9604
0.9661
0.9638
0.9643
0.9623
0.9641
0.9645
0.9521
0.9635
0.9633
0.9624
0.9659
0.9419
0.9443
0.9294
0.9493
0.9209
0.9537
0.9617
0.9549
0.9637
0.9652
0.9664
0.9617
0.9583
0.9651
0.9634
0.9645
0.9651
0.9664
0.9592
0.9667
0.9657
0.9667
0.9489
0.9575
0.9662
0.962
0.9591
0.9665
0.9446
0.9539
0.9648
0.9667
0.9617
0.9672
0.9653
0.9607
0.967
0.9677
0.935
0.9209
0.966
0.9654
0.9695
0.9689
0.9638
0.9673
0.9621
0.9682
0.9705
