0.2653
0.3481
0.4107
0.3354
0.5612
0.6036
0.7613
0.6451
0.5712
0.5905
0.5906
0.466
0.6235
0.8003
0.669
0.7886
0.8792
0.8616
0.8996
0.8477
0.8756
0.7763
0.8319
0.8432
0.7868
0.879
0.905
0.8495
0.8502
0.7819
0.5883
0.7552
0.8981
0.8853
0.8822
0.7996
0.8704
0.5665
0.7149
0.7303
0.8049
0.9043
0.7844
0.8365
0.863
0.9148
0.8773
0.8172
0.9172
0.9335
0.9146
0.9242
0.9119
0.932
0.9083
0.9367
0.9165
0.9325
0.9304
0.9158
0.938
0.877
0.9267
0.9388
0.867
0.8967
0.9004
0.9223
0.8735
0.8804
0.9214
0.9462
0.8267
0.8706
0.9052
0.9349
0.8755
0.9142
0.9167
0.9219
0.9511
0.9476
0.9539
0.9491
0.9089
0.9498
0.9246
0.9445
0.9407
0.9414
0.9192
0.9452
0.9522
0.9559
0.9563
0.9326
0.9597
0.9554
0.94
0.8975
0.9282
0.9517
0.9521
0.9226
0.9445
0.9556
0.903
0.9012
0.9404
0.9293
0.9535
0.9198
0.9538
0.9002
0.8071
0.8318
0.8946
0.8206
0.9474
0.9357
0.9416
0.8975
0.9496
0.9527
0.92
0.9537
0.9465
0.9323
0.9511
0.883
0.8794
0.9133
0.9582
0.95
0.9417
0.9148
0.8932
0.9301
0.9484
0.9474
0.9617
0.9622
0.9585
0.9635
0.9634
0.9581
0.9563
0.966
0.9456
0.9268
0.9598
0.9506
0.9583
0.9612
0.9669
0.9619
0.9516
0.9063
0.9408
0.9638
0.9541
0.9581
0.9554
0.968
0.9613
0.9657
0.9626
0.9545
0.9649
0.9605
0.9515
0.963
0.9367
0.9452
0.956
0.9534
0.9626
0.9587
0.9534
0.9517
0.9598
0.9515
0.9632
0.9662
0.9628
0.9197
0.9152
0.9598
0.9639
0.9608
0.9655
0.9722
