0.289
0.5305
0.6684
0.7293
0.736
0.7401
0.755
0.6935
0.5384
0.4489
0.4131
0.5476
0.61
0.7219
0.8026
0.8598
0.7512
0.5613
0.5349
0.6564
0.7235
0.8229
0.8824
0.8765
0.8364
0.7045
0.6441
0.7482
0.876
0.9048
0.9067
0.9118
0.9124
0.9167
0.915
0.919
0.9146
0.8964
0.8497
0.7813
0.8383
0.9029
0.9194
0.9166
0.9152
0.9155
0.9119
0.9141
0.913
0.9262
0.9298
0.9364
0.9358
0.9375
0.937
0.9379
0.939
0.9409
0.9413
0.9406
0.9364
0.9356
0.9326
0.9338
0.9312
0.9396
0.9353
0.9462
0.9481
0.9505
0.9492
0.9517
0.9508
0.9528
0.9534
0.9534
0.9542
0.9535
0.955
0.9535
0.9552
0.9548
0.9566
0.957
0.9568
0.9574
0.9548
0.9567
0.9561
0.9569
0.9529
0.9529
0.9448
0.9376
0.9357
0.9462
0.9539
0.9579
0.9586
0.9619
0.9623
0.9623
0.9623
0.9619
0.9625
0.9627
0.9638
0.9637
0.9641
0.9641
0.965
0.9645
0.964
0.9655
0.9656
0.9654
0.966
0.9661
0.966
0.9671
0.9659
0.9669
0.9656
0.966
0.967
0.9671
0.9649
0.9657
0.9643
0.9672
0.9669
0.9685
0.9687
0.9688
0.967
0.968
0.9663
0.9688
0.9669
0.9677
0.9653
0.9658
0.9641
0.9643
0.9621
0.9629
0.961
0.9593
0.9506
0.9428
0.9359
0.9301
0.9495
0.9639
0.9697
0.9713
0.971
0.9713
0.9718
0.971
0.9718
0.9723
0.972
0.9727
0.9724
0.9724
0.9725
0.9732
0.973
0.973
0.9734
0.9728
0.9734
0.9733
0.9733
0.9737
0.9738
0.9733
0.9742
0.9745
0.9744
0.9753
0.9748
0.9755
0.9753
0.975
0.9762
0.9752
0.9751
0.975
0.9757
0.9762
0.9757
0.9751
0.9759
0.9762
0.9758
0.9756
0.9752
0.9757
0.9754
0.9767
0.9766
0.9762
0.9766
0.977
0.9767
0.9767
0.9771
0.9768
0.9778
0.9768
0.9773
0.9774
0.9776
0.9782
0.9784
0.9785
0.978
0.9777
0.9777
0.9775
0.9782
0.9786
0.9772
0.9784
0.9784
0.9781
0.9778
0.9786
0.977
0.978
0.9778
0.9791
0.9785
0.9788
0.9785
0.9787
0.9794
0.9776
0.9791
0.9773
0.9791
0.979
0.9796
0.9797
0.9794
0.9794
0.9795
0.9791
0.9792
0.9797
0.9796
0.9793
0.98
0.9799
0.9805
0.9802
0.9787
0.9804
0.9791
0.9792
0.98
0.979
0.9793
0.98
0.9799
0.9809
0.9798
0.9809
0.9807
0.9803
0.9804
0.9804
0.98
0.981
0.9813
0.9807
0.9817
0.9809
0.9808
0.9816
0.9812
0.981
0.9815
0.9821
0.981
0.9815
0.9803
0.9796
0.9801
0.9785
0.9795
0.9788
0.9782
0.9721
0.9582
0.8956
0.6599
0.6193
0.5968
0.7776
0.8039
0.8407
0.8639
0.8697
0.8722
0.8756
0.8843
0.9029
0.9271
0.9489
0.9598
0.9612
0.9613
0.9627
0.9634
0.9639
0.9641
0.9648
0.9645
0.9654
0.966
0.966
0.9667
0.9672
0.9687
0.9691
0.9684
0.969
0.9693
0.9698
0.9698
0.9696
0.9702
0.9708
0.9703
0.971
0.9708
0.9708
0.9712
0.9713
0.9714
0.9706
0.9718
0.9723
0.9722
0.9726
0.9726
0.9729
0.9727
0.9725
0.9734
0.9728
0.9733
0.9737
0.9731
0.9741
0.9735
0.974
0.9738
0.9741
0.9752
0.9753
0.9741
0.9746
0.9741
0.9753
0.9757
0.9748
0.9752
0.9755
0.9764
0.9762
0.9751
0.9755
0.9761
0.9762
0.9755
0.9767
0.976
0.9767
0.9775
0.9774
0.9773
0.9769
0.9777
0.9778
0.9772
0.9767
0.9777
0.9774
0.9781
0.9781
0.9778
0.9785
0.9781
0.9784
0.9782
0.9784
0.9787
0.9791
0.9791
0.9787
0.9792
0.9792
0.9794
0.9791
0.9799
0.9791
0.9791
0.9795
0.9794
0.9798
0.9797
0.9792
0.9792
0.9794
0.9797
0.9794
0.9793
0.9808
0.9797
0.98
0.9798
0.9807
0.9801
0.9804
0.9798
0.9804
0.9805
0.9811
0.981
0.98
0.9797
0.9807
0.9811
0.9812
0.9812
0.9803
0.9816
0.9802
0.9809
0.9813
0.9813
0.9813
0.9819
0.9818
0.9819
0.9824
0.982
0.9817
0.9813
0.982
0.9815
0.9817
0.982
0.9818
0.9818
0.982
0.9821
0.9823
0.9822
0.9823
0.9824
0.9822
0.9823
0.9825
0.9821
0.9832
0.9831
0.9823
0.9833
0.9831
0.9832
0.9823
0.9826
0.9827
0.9826
0.9817
0.9831
0.9829
0.9824
0.9834
0.9829
0.9832
0.9827
0.9824
0.9828
0.9825
0.983
0.9843
0.9834
0.983
0.9823
0.9831
0.983
0.9825
0.9836
0.9824
0.984
0.9825
0.984
0.9835
0.9835
0.9837
0.984
0.983
0.9835
0.9837
0.9839
0.9843
0.9837
0.9844
0.9839
0.9834
0.9845
0.9834
0.9842
0.9838
0.9847
0.9839
0.9851
0.9848
0.9848
0.9845
0.9846
0.9844
0.9844
0.9844
0.9848
0.9845
0.9841
0.9841
0.9848
0.985
0.9846
0.9852
0.9842
0.985
0.985
0.9846
0.9838
0.9849
0.9847
0.9843
0.9848
0.985
0.9843
0.9848
0.985
0.9848
0.9854
0.9854
0.9845
0.9849
0.9849
0.9849
0.985
0.985
0.9852
0.9849
0.9851
0.9854
0.9855
0.986
0.985
0.9855
0.9852
0.9854
0.9858
0.9852
0.9854
0.9851
0.9852
0.986
0.9853
0.9862
0.9859
0.9847
0.9855
0.9863
0.9854
0.9855
0.9858
0.9857
0.9852
0.9859
0.9856
0.9858
0.9858
0.9856
0.9859
0.9861
0.9858
0.9861
0.9858
0.9862
0.9861
0.9856
0.9857
0.9861
0.9861
0.9859
0.9861
0.9866
0.9863
0.986
0.9859
0.9859
0.9864
0.9863
0.9864
0.9858
0.9864
0.9858
0.9863
0.9854
0.9854
0.9867
0.9861
0.9863
0.9865
0.9855
0.9869
0.9865
0.9863
0.9865
0.9864
0.9867
0.9862
0.9866
0.9872
0.9871
0.9869
0.9869
0.9866
0.987
0.9856
0.9865
0.9863
0.9873
0.9868
0.9863
0.9871
0.9862
0.9862
0.9871
0.9873
0.9865
0.9875
0.9867
0.9868
0.9874
0.9872
0.9874
0.9866
0.9872
0.9863
0.9876
0.9873
0.9877
0.9875
0.9875
0.9872
0.9876
0.9874
0.9875
0.9866
0.9871
0.9871
0.9871
0.9871
0.9862
0.987
0.9868
0.9874
0.9868
0.9873
0.9872
0.987
0.9877
0.9874
0.9877
0.9873
0.9876
0.9873
0.9864
0.9871
0.9864
0.9877
0.9868
0.9876
0.9877
0.9874
0.9871
0.9873
0.9872
0.9881
0.9877
0.9885
0.9876
0.9879
0.9879
0.9874
0.9873
0.9876
0.9874
0.9871
0.988
0.9871
0.9876
0.9875
0.9877
0.987
0.9872
0.9875
0.9875
0.9876
0.9864
0.9876
0.9873
0.9882
0.9874
0.9882
0.988
0.9879
0.9879
0.9875
0.9877
0.9881
0.9877
0.9873
0.9873
0.9875
0.9884
0.9876
0.9877
0.9878
0.9874
0.9873
0.9874
0.988
0.9872
0.9883
0.9869
0.9876
0.9875
0.9882
0.9883
0.9878
0.9875
0.9877
0.9879
0.9876
0.987
0.9878
0.9878
0.9883
0.9877
0.9883
0.9881
0.9883
0.988
0.9882
0.9876
0.988
0.9878
0.9879
0.9887
0.9875
0.9876
0.9885
0.9884
0.9886
0.9872
0.9884
0.9881
0.9886
0.9881
0.9884
0.988
0.9886
0.9879
0.9884
0.9883
0.9887
0.9882
0.9881
0.9879
0.9884
0.9882
0.988
0.9885
0.9879
0.9877
0.9881
0.988
0.9886
0.9878
0.9889
0.9872
0.9882
0.9879
0.9887
0.9879
0.9883
0.9883
0.9887
0.9875
0.9887
0.9885
0.9886
0.9884
0.9882
0.9884
0.9885
0.9875
0.9884
0.9882
0.9888
0.9885
0.9881
0.9886
0.9887
0.9885
0.9892
0.988
0.9883
0.9884
0.9887
0.9889
0.9887
0.9887
0.9881
0.9885
0.9878
0.9883
0.9886
0.9878
0.9886
0.988
0.9892
0.9879
0.989
0.9882
0.9887
0.9892
0.9885
0.9883
0.9885
0.9889
0.9886
0.9888
0.9886
0.9884
0.9885
0.9881
0.9887
0.9881
0.9885
0.9888
0.9885
0.9888
0.989
0.9885
0.9878
0.9883
0.9884
0.9887
0.9893
0.9882
0.9884
0.9884
0.9885
0.9885
0.9878
0.9878
0.9889
0.9884
0.9884
0.9887
0.989
0.9887
0.9881
0.9888
0.9884
0.9893
0.9882
0.9884
0.9887
0.9893
0.9887
0.9887
0.9881
0.9888
0.9884
0.9889
0.9891
0.9892
0.9888
0.9891
0.9885
0.9889
0.9887
0.9889
0.9881
0.989
0.9887
0.989
0.9885
0.9889
0.9877
0.9892
0.989
0.9893
0.9886
0.9895
0.9889
0.989
0.9885
0.9893
0.9891
0.9892
0.9886
0.9881
0.9891
0.9888
0.9889
0.9889
0.9892
0.9894
0.9892
0.9884
0.989
0.9896
0.9898
0.9895
0.9891
0.9889
0.989
0.9887
0.9888
0.9888
0.9892
0.9885
0.989
0.9894
0.9889
0.989
0.9892
0.9885
0.989
0.9894
0.9893
0.989
0.9893
0.9884
0.9883
0.9898
0.9889
0.9877
0.9885
0.9881
0.9887
0.9876
0.9889
0.9879
0.9886
0.989
0.9888
0.9897
0.9886
0.9889
0.9897
0.9897
0.9891
0.9901
