0.1134
0.115
0.121
0.1499
0.1724
0.1681
0.1874
0.1926
0.1614
0.1711
0.168
0.1804
0.2419
0.2883
0.3501
0.3161
0.2305
0.2539
0.3447
0.3785
0.4434
0.4585
0.2699
0.2607
0.3498
0.5128
0.5009
0.4891
0.4673
0.5065
0.4454
0.4424
0.4899
0.466
0.5107
0.6166
0.4537
0.4721
0.5417
0.5996
0.6321
0.6406
0.5586
0.5197
0.6085
0.6291
0.5657
0.7196
0.5963
0.6775
0.6681
0.6849
0.6926
0.7071
0.6626
0.5347
0.612
0.6077
0.7317
0.7025
0.7463
0.7649
0.6956
0.758
0.6691
0.7314
0.6509
0.7018
0.5247
0.5851
0.7464
0.7277
0.76
0.7059
0.5919
0.5099
0.6377
0.5953
0.6296
0.5708
0.7239
0.7989
0.781
0.6845
0.7081
0.729
0.7333
0.7528
0.5697
0.6728
0.6641
0.7443
0.8296
0.6726
0.6614
0.7371
0.7721
0.7256
0.771
0.8019
0.7434
0.7184
0.7731
0.786
0.7746
0.8248
0.7921
0.6719
0.6579
0.7338
0.7993
0.6901
0.7425
0.7938
0.714
0.7916
0.8477
0.715
0.7105
0.7195
0.8413
0.8172
0.7734
0.7446
0.8233
0.7262
0.7319
0.8182
0.8449
0.834
0.8516
0.7308
0.7995
0.8244
0.8192
0.7948
0.6946
0.7992
0.8609
0.8452
0.8473
0.8421
0.8568
0.8349
0.8064
0.8058
0.819
0.8201
0.8171
0.8064
0.8449
0.7988
0.7984
0.7694
0.8733
0.8665
0.8605
0.8032
0.8484
0.8527
0.8499
0.8346
0.8788
0.8402
0.8664
0.8434
0.858
0.8719
0.8039
0.8515
0.8501
0.8533
0.84
0.8482
0.8752
0.871
0.8808
0.8685
0.8288
0.8498
0.8809
0.8424
0.8032
0.8088
0.8831
0.887
0.8871
0.8442
0.8911
0.8776
0.8813
0.85
0.8521
0.8845
0.8815
0.89
0.8858
0.8747
0.8661
0.8861
0.8312
0.8172
0.8543
0.8966
0.8778
0.8569
0.8431
0.8839
0.8953
0.8894
0.8848
0.8962
0.8951
0.8861
0.8337
0.872
0.8986
0.881
0.8825
0.8701
0.8929
0.8374
0.8929
0.8773
0.82
0.882
0.8982
0.8814
0.8809
0.8711
0.848
0.8494
0.88
0.892
0.8884
0.9031
0.8687
0.8975
0.9015
0.8883
0.8863
0.9027
0.9062
0.8982
0.9058
0.8942
0.8915
0.8917
0.8905
0.8985
0.8913
0.9051
0.8895
0.8875
0.8709
0.8992
0.903
0.8905
0.8972
0.9045
0.9046
0.8912
0.8923
0.8968
0.9031
0.8787
0.8972
0.9084
0.914
0.9087
0.899
0.905
0.9115
0.9048
0.9096
0.8962
0.9087
0.8962
0.9034
0.9169
0.9083
0.9124
0.8997
0.9062
0.9134
0.912
0.8949
0.9051
0.9063
0.9091
0.9045
0.9033
0.9114
0.9173
0.9198
0.9056
0.9123
0.9135
0.899
0.9153
0.9099
0.9169
0.92
0.9141
0.9028
0.9146
0.9164
0.9189
0.9135
0.919
0.9035
0.9138
0.9185
0.9036
0.9233
0.9151
0.9161
0.9147
0.9156
0.9075
0.9024
0.9146
0.9206
0.9195
0.905
0.9183
0.9201
0.9231
0.8673
0.9126
0.9188
0.9207
0.9186
0.923
0.9177
0.9256
0.9229
0.9205
0.9206
0.9182
0.9119
0.9005
0.9133
0.9193
0.9248
0.9219
0.9051
0.9253
0.9202
0.9181
0.921
0.9095
0.9275
0.9261
0.926
0.9197
0.9222
0.9128
0.9259
0.9237
0.9274
0.9202
0.9261
0.9293
0.9208
0.926
0.9175
0.9284
0.9201
0.9094
0.9176
0.9101
0.9062
0.8913
0.9285
0.9221
0.9256
0.9143
0.9229
0.9278
0.9187
0.9223
0.9312
0.9284
0.9216
0.9319
0.93
0.929
0.9307
0.9283
0.9201
0.9288
0.9211
0.9283
0.9295
0.9288
0.9309
0.9267
0.9274
0.927
0.9312
0.9329
0.9316
0.9317
0.9277
0.9334
0.9276
0.9289
0.9331
0.9321
0.9315
0.9297
0.9306
0.9343
0.9349
0.9325
0.9317
0.9301
0.9273
0.9203
0.9142
0.9276
0.9342
0.9314
0.9308
0.9348
0.9316
0.936
0.9358
0.9347
0.9339
0.9241
0.9292
0.9363
0.9337
0.9188
0.9326
0.9367
0.9329
0.9326
0.9363
0.9354
0.9378
0.9361
0.9372
0.9339
0.9358
0.9316
0.9292
0.9272
0.9333
0.9386
0.9346
0.9321
0.9371
0.938
0.935
0.9287
0.9358
0.937
0.9354
0.9314
0.9382
0.9354
0.9387
0.9385
0.9271
0.9306
0.9382
0.9367
0.9362
0.9409
0.9408
0.9379
0.938
0.9385
0.9355
0.9186
0.933
0.9325
0.941
0.9396
0.9359
0.9374
0.9317
0.9404
0.9327
0.9378
0.9376
0.9319
0.9358
0.9404
0.9334
0.9295
0.9399
0.9386
0.9388
0.942
0.9421
0.9371
0.9412
0.9404
0.9415
0.9391
0.9384
0.932
0.9409
0.9372
0.9433
0.9446
0.9388
0.9435
0.9439
0.9346
0.9334
0.9392
0.9411
0.9408
0.9374
0.9414
0.9362
0.9371
0.9383
0.9414
0.9446
0.9451
0.9397
0.9415
0.9342
0.943
0.9398
0.9429
0.9407
0.9436
0.9451
0.9409
0.9434
0.9321
0.9265
0.9327
0.9387
0.9408
0.9372
0.94
0.9426
0.9374
0.945
0.943
0.9422
0.9446
0.9412
0.9394
0.9441
0.9409
0.9421
0.9445
0.944
0.9459
0.9451
0.9464
0.9435
0.9482
0.9458
0.9345
0.9387
0.9459
0.9453
0.9446
0.9482
0.9452
0.9443
0.9396
0.9235
0.9405
0.9453
0.9354
0.9422
0.9446
0.9475
0.9483
0.9387
0.9455
0.9456
0.9478
0.9456
0.9485
0.9478
0.9484
0.9464
0.9478
0.9465
0.9477
0.9467
0.947
0.9489
0.9446
0.9361
0.9428
0.9467
0.9449
0.9464
0.9464
0.9504
0.9487
0.9494
0.9477
0.9451
0.9474
0.9494
0.9482
0.948
0.9488
0.9445
0.9473
0.9496
0.9502
0.9476
0.9473
0.9491
0.9469
0.9487
0.9474
0.9474
0.9475
0.9469
0.9473
0.9468
0.948
0.9488
0.95
0.9503
0.9496
0.9513
0.9507
0.9516
0.9473
0.944
0.9499
0.9488
0.9501
0.9495
0.9468
0.9528
0.9458
0.9526
0.9511
0.9467
0.9498
0.9518
0.9496
0.95
0.9523
0.9521
0.9508
0.9475
0.9496
0.9457
0.9442
0.9519
0.9494
0.9515
0.9521
0.951
0.9501
0.9438
0.943
0.9311
0.9502
0.9481
0.9493
0.9519
0.9548
0.9476
0.9531
0.9546
0.9532
0.9516
0.954
0.947
0.9539
0.9542
0.9537
0.9545
0.955
0.9544
0.9519
0.9444
0.9515
0.9544
0.9548
0.9547
0.9517
0.9481
0.9516
0.9427
0.9544
0.9496
0.9472
0.9546
0.9544
0.9534
0.9553
0.9539
0.9544
0.9522
0.9552
0.9544
0.952
0.951
0.9515
0.9529
0.9527
0.9555
0.9533
0.9512
0.9558
0.953
0.9551
0.9549
0.9551
0.9561
0.9554
0.953
0.9539
0.9551
0.9509
0.9521
0.9554
0.9543
0.9555
0.9538
0.9553
0.9546
0.9576
0.9566
0.9557
0.9542
0.9555
0.9571
0.9568
0.9572
0.9564
0.9556
0.9545
0.9544
0.957
0.9505
0.9561
0.9556
0.9567
0.9557
0.9564
0.9541
0.9541
0.9536
0.9562
0.9572
0.9565
0.9577
0.9574
0.9567
0.9558
0.9545
0.9564
0.9574
0.9545
0.9579
0.9539
0.9577
0.9569
0.9476
0.9538
0.9551
0.9575
0.9579
0.9549
0.9581
0.9556
0.9579
0.9587
0.9585
0.9585
0.9588
0.9551
0.9582
0.9584
0.9562
0.958
0.9577
0.9579
0.9562
0.9582
0.958
0.9548
0.9603
0.9561
0.9598
0.9602
0.9587
0.9581
0.9569
0.9587
0.9574
0.9585
0.9577
0.9578
0.9594
0.9581
0.9527
0.96
0.9602
0.9605
0.9583
0.9583
0.9575
0.9603
0.958
0.9583
0.9589
0.9596
0.9582
0.9566
0.9571
0.9607
0.9599
0.958
0.9549
0.9557
0.9579
0.9582
0.9601
0.958
0.9562
0.9569
0.9564
0.9601
0.9561
0.9583
0.9593
0.959
0.9601
0.9566
0.9607
0.9612
0.9587
0.9614
0.9588
0.9603
0.9596
0.9613
0.9591
0.9613
0.961
0.9605
0.9585
0.9612
0.9615
0.9616
0.9586
0.9612
0.9616
0.9585
0.9593
0.9626
0.9581
0.9511
0.956
0.9608
0.9602
0.9603
0.9625
0.9624
0.9601
0.9623
0.9625
0.9607
0.959
0.9519
0.9624
0.9595
0.9599
0.9609
0.9624
0.9623
0.9583
0.961
0.9615
0.9606
0.9614
0.9588
0.9619
0.961
0.9611
0.956
0.9627
0.9597
0.9586
0.963
0.9627
0.9591
0.9569
0.9617
0.9617
0.9625
0.9624
0.9641
0.9627
0.9589
0.9627
0.9634
0.9639
0.961
0.962
0.9616
0.96
0.9613
0.9625
0.9627
0.9626
0.9619
0.9627
0.9602
0.9614
0.9617
0.9622
0.962
0.9618
0.962
0.9568
0.9636
0.9642
0.9624
0.9623
0.9621
0.9615
0.9634
0.9619
0.9612
0.9638
0.9615
0.963
0.9609
0.9612
0.9646
0.9631
0.9646
0.9632
0.9644
0.9616
0.9617
0.9636
0.9619
0.9632
0.9632
0.9647
0.9641
0.9638
0.9651
0.9627
0.9661
0.9652
0.9629
0.9643
0.9646
0.9639
0.9649
0.9632
0.9651
0.9646
0.9637
0.9645
0.9645
0.9635
0.9634
0.964
0.9638
0.9661
0.9656
0.9638
0.9654
0.9629
0.9653
0.962
0.9613
0.9637
0.9622
0.9651
0.9622
0.9647
0.96
0.965
0.9621
0.9625
0.9667
0.9655
0.9652
0.9627
0.9596
0.9661
0.9635
