0.4115
0.4258
0.6145
0.6039
0.7371
0.8491
0.7923
0.8326
0.8169
0.6369
0.6462
0.8439
0.8861
0.9425
0.8946
0.9165
0.9487
0.9629
0.9522
0.8733
0.9366
0.9318
0.9665
0.9528
0.8967
0.9197
0.933
0.9653
0.9697
0.9665
0.9712
0.9644
0.9644
0.9741
0.9442
0.9568
0.9685
0.9713
0.9001
0.8701
0.9604
0.951
0.9545
0.9712
0.9332
0.9636
0.9777
0.9774
0.9741
0.9822
0.9719
0.9714
0.9693
0.949
0.9354
0.9729
0.9817
0.9765
0.9755
0.9635
0.9619
0.9729
0.9478
0.8827
0.9572
0.9746
0.9827
0.9742
0.9795
0.9733
0.9807
0.9846
0.9856
0.9838
0.9803
0.9841
0.9413
0.9702
0.9801
0.9552
0.9818
0.9811
0.9843
0.9755
0.9825
0.9848
0.9813
0.9857
0.985
0.9856
0.9817
0.9779
0.9856
0.9859
0.9851
0.9865
0.9839
0.9876
0.9672
0.9791
0.9691
0.9867
0.9861
0.9778
0.971
0.9767
0.9813
0.9791
0.9862
0.9855
0.9839
0.9846
0.9762
0.9805
0.983
0.9861
0.9822
0.9805
0.9859
0.9779
0.9865
0.9858
0.9834
0.9537
0.9789
0.9858
0.9861
0.9828
0.978
0.9818
0.9824
0.9791
0.9864
0.9872
0.9853
0.9813
0.9817
0.986
0.98
0.9877
0.9777
0.9841
0.9842
0.9842
0.9797
0.9738
0.9812
0.975
0.9791
0.9749
0.988
0.9888
0.9897
0.9836
0.9864
0.9871
0.9853
0.9881
0.9818
0.9855
0.9885
0.9844
0.9836
0.9772
0.9866
0.9799
0.9859
0.986
0.9822
0.9867
0.9882
0.9867
0.9895
0.9878
0.9835
0.9812
0.9872
0.9752
0.9869
0.9891
0.9851
0.9879
0.9783
0.9886
0.9891
0.9867
0.9887
0.9885
0.9904
