0.1946
0.146
0.2514
0.4591
0.1739
0.355
0.3506
0.1983
0.4946
0.5197
0.4504
0.544
0.6686
0.6038
0.4884
0.5208
0.6089
0.7666
0.7637
0.8181
0.8111
0.8461
0.792
0.8872
0.8935
0.8889
0.8949
0.9136
0.9171
0.8991
0.8959
0.9329
0.9136
0.9285
0.9197
0.9237
0.9242
0.9291
0.9265
0.944
0.9448
0.9395
0.9281
0.9263
0.9353
0.9344
0.9236
0.8598
0.9419
0.946
0.9284
0.9568
0.9433
0.9388
0.9549
0.959
0.9373
0.9502
0.6356
0.7884
0.8869
0.9513
0.9568
0.9425
0.963
0.9655
0.9499
0.9611
0.9638
0.9573
0.9448
0.9379
0.9076
0.9205
0.9484
0.9617
0.9686
0.9549
0.9674
0.9677
0.925
0.9562
0.8442
0.9152
0.9187
0.8711
0.9468
0.899
0.9321
0.9661
0.9561
0.9511
0.9681
0.9602
0.97
0.9627
0.9393
0.971
0.9643
0.9505
0.9753
0.9769
0.9536
0.9662
0.9724
0.9748
0.9738
0.9751
0.9733
0.9774
0.9748
0.9699
0.9697
0.9726
0.9649
0.9616
0.9693
0.9762
0.9739
0.9728
0.977
0.9718
0.9774
0.9793
0.9779
0.9735
0.9628
0.968
0.9768
0.9775
0.9747
0.9601
0.9621
0.9603
0.8724
0.9632
0.9787
0.97
0.9679
0.9719
0.9794
0.9731
0.8778
0.8937
0.9096
0.9044
0.9308
0.9757
0.9774
0.9778
0.9736
0.9669
0.9799
0.9818
0.9791
0.9727
0.9798
0.9799
0.9803
0.979
0.973
0.9713
0.9668
0.9769
0.9835
0.9812
0.9833
0.9768
0.9769
0.9718
0.9795
0.9825
0.981
0.9747
0.9817
0.9797
0.9792
0.9815
0.9856
0.975
0.9718
0.9808
0.9748
0.9732
0.978
0.9837
0.9652
0.984
0.9801
0.9803
0.9788
0.982
0.986
0.98
0.9808
0.9798
0.9793
0.982
0.9826
0.9747
0.9817
0.9859
0.9848
0.9697
0.9755
0.9729
0.9815
0.9829
0.9863
0.9796
0.9857
0.9823
0.9866
0.9808
0.9819
0.9769
0.9712
0.9833
0.9848
0.9858
0.9822
0.9855
0.9849
0.9842
0.9827
0.9806
0.9781
0.9779
0.9855
0.9845
0.9855
0.9863
0.9858
0.9804
0.9818
0.9838
0.984
0.9857
0.9849
0.9876
0.9854
0.9873
0.9852
0.9849
0.9868
0.9791
0.9859
0.9773
0.9742
0.9316
0.9604
0.979
0.9711
0.9759
0.9805
0.9832
0.987
0.9854
0.984
0.9772
0.9815
0.9877
0.9848
0.9867
0.9859
0.983
0.9846
0.9862
0.9866
0.9851
0.984
0.9854
0.9748
0.9801
0.9864
0.9859
0.9874
0.9833
0.9871
0.9862
0.9873
0.9859
0.9847
0.9849
0.9847
0.9832
0.9875
0.9855
0.9834
0.9836
0.9852
0.9881
0.9854
0.9859
0.9874
0.9873
0.9871
0.9832
0.9796
0.9834
0.9877
0.9873
0.9791
0.9829
0.9788
0.9861
0.9781
0.9884
0.983
0.9856
0.9732
0.9829
0.98
0.9864
0.9832
0.9783
0.9801
0.9834
0.9863
0.9887
0.9885
0.9685
0.9857
0.9821
0.9861
0.9845
0.9883
0.9878
0.9872
0.9853
0.9856
0.9856
0.9875
0.989
0.9832
0.9884
0.9839
0.9841
0.975
0.9875
0.9832
0.9869
0.9859
0.9857
0.987
0.9873
0.9889
0.9883
0.9836
0.9872
0.9852
0.987
0.9868
0.9849
0.987
0.9862
0.9873
0.982
0.9836
0.9865
0.9836
0.98
0.9887
0.9856
0.9848
0.988
0.9839
0.9873
0.9864
0.9851
0.9819
0.9819
0.9788
0.9865
0.9844
0.9842
0.9823
0.9873
0.988
0.9801
0.9882
0.9873
0.9865
0.9844
0.9842
0.9885
0.9847
0.9804
0.9694
0.988
0.9847
0.988
0.9882
0.988
0.9888
0.9888
0.9872
0.9891
0.9874
0.9868
0.9854
0.9872
0.988
0.989
0.9851
0.989
0.9866
0.9884
0.9894
0.9888
0.9887
0.9855
0.9871
0.9791
0.9773
0.9868
0.986
0.9871
0.9879
0.9883
0.9881
0.9886
0.9806
0.9864
0.9868
0.9885
0.9856
0.9885
0.9887
0.9871
0.9859
0.9867
0.9899
0.9878
0.9887
0.9856
0.9899
0.9889
0.9876
0.985
0.9877
0.9886
0.9878
0.9887
0.9888
0.9893
0.9897
0.9876
0.9872
0.982
0.9882
0.9855
0.9886
0.9875
0.9884
0.9898
0.9883
0.9871
0.9897
0.9869
0.9886
0.9866
0.9762
0.9588
0.9502
0.979
0.9868
0.9878
0.9885
0.9888
0.9885
0.9892
0.9886
0.9885
0.9903
