0.4617
0.3409
0.2146
0.4177
0.5326
0.4058
0.83
0.8856
0.8247
0.747
0.8352
0.8961
0.9235
0.8837
0.8057
0.8577
0.8796
0.7111
0.6574
0.7322
0.8679
0.9448
0.965
0.9371
0.9464
0.9586
0.941
0.9579
0.9699
0.9262
0.8515
0.9468
0.9714
0.9704
0.9687
0.9208
0.9362
0.9267
0.9722
0.9689
0.9645
0.943
0.8502
0.8703
0.9707
0.9011
0.9462
0.943
0.9067
0.9768
0.9704
0.9442
0.9607
0.9764
0.956
0.867
0.9109
0.9695
0.9801
0.97
0.9605
0.9477
0.9775
0.9823
0.9739
0.9677
0.9707
0.9835
0.9721
0.9778
0.9811
0.9751
0.9796
0.9831
0.9781
0.9845
0.9709
0.9621
0.9798
0.976
0.9728
0.9431
0.8806
0.8897
0.9713
0.9764
0.9403
0.9641
0.9793
0.9833
0.9842
0.9782
0.9817
0.9789
0.9854
0.9872
0.9795
0.9876
0.9843
0.9774
0.9633
0.985
0.9801
0.9857
0.9794
0.986
0.9857
0.9852
0.9881
0.9852
0.9827
0.9557
0.9531
0.9807
0.9872
0.9853
0.9837
0.9803
0.9743
0.9785
0.9842
0.9859
0.9876
0.98
0.9306
0.9689
0.9788
0.9828
0.986
0.9781
0.9842
0.9816
0.9836
0.9806
0.983
0.9866
0.9837
0.9865
0.9903
