0.2415
0.3189
0.4461
0.5431
0.5551
0.616
0.6907
0.8505
0.8221
0.7128
0.8624
0.9093
0.8643
0.9095
0.8847
0.8716
0.9377
0.9306
0.8855
0.8987
0.8941
0.908
0.9596
0.945
0.8867
0.8758
0.8729
0.9233
0.8886
0.9548
0.9304
0.955
0.9442
0.9449
0.8962
0.941
0.8958
0.9615
0.968
0.9691
0.9691
0.9648
0.9601
0.938
0.9637
0.9727
0.97
0.9707
0.9733
0.9441
0.9085
0.9733
0.9686
0.9699
0.9761
0.9736
0.9711
0.9781
0.9775
0.9737
0.9772
0.9675
0.9611
0.9697
0.9505
0.9749
0.9159
0.9678
0.9754
0.9793
0.9628
0.9745
0.9724
0.982
0.9818
0.9793
0.9795
0.9306
0.8237
0.8619
0.9566
0.9718
0.9618
0.9541
0.9359
0.9578
0.9508
0.9778
0.9645
0.9719
0.984
0.9844
0.983
0.9696
0.9726
0.9825
0.9795
0.9828
0.9732
0.9727
0.9728
0.9791
0.9829
0.978
0.9741
0.9845
0.9861
0.9815
0.9779
0.9792
0.9806
0.957
0.9687
0.9748
0.9851
0.9815
0.9831
0.9854
0.9776
0.9852
0.9767
0.9768
0.9822
0.9823
0.9845
0.9818
0.9829
0.9734
0.9768
0.9861
0.9785
0.9704
0.9809
0.9844
0.9828
0.9848
0.9851
0.9871
0.9842
0.9858
0.9851
0.9836
0.984
0.9816
0.9848
0.9867
0.9848
0.9814
0.9855
0.9878
0.9874
0.9815
0.9836
0.9832
0.9814
0.9872
0.9835
0.986
0.9799
0.9639
0.9683
0.9655
0.9805
0.9866
0.9805
0.9814
0.9789
0.9895
0.988
0.9855
0.9888
0.9861
0.9872
0.9822
0.9886
0.9854
0.9849
0.9842
0.9793
0.986
0.9888
0.9868
0.9853
0.9835
0.9874
0.984
0.9897
0.9815
0.9892
0.9863
0.9887
0.9739
0.9833
0.9889
0.9864
0.9861
0.9882
0.9867
0.9783
0.986
0.985
0.9867
0.9785
0.9759
0.9446
0.9768
0.9885
0.9891
0.9905
