0.2124
0.105
0.2182
0.2055
0.2155
0.2532
0.465
0.5258
0.3216
0.1861
0.5814
0.6534
0.5697
0.5872
0.503
0.4346
0.4176
0.7584
0.6591
0.5753
0.522
0.5433
0.6191
0.7682
0.7855
0.7716
0.8442
0.7423
0.4186
0.6429
0.7179
0.7055
0.724
0.7465
0.746
0.7635
0.7542
0.7072
0.8208
0.8647
0.7228
0.8566
0.8464
0.8794
0.7659
0.7702
0.8336
0.8622
0.8479
0.8853
0.9054
0.8825
0.9059
0.9197
0.9171
0.7891
0.8125
0.859
0.8565
0.9006
0.8983
0.9269
0.9298
0.9152
0.9222
0.9292
0.9331
0.9367
0.9142
0.9098
0.861
0.8351
0.81
0.8432
0.9177
0.9305
0.9359
0.9414
0.9358
0.9396
0.937
0.9417
0.9441
0.9398
0.9451
0.9461
0.9446
0.9384
0.9397
0.9334
0.9404
0.9466
0.945
0.9465
0.9497
0.9432
0.9501
0.9453
0.9509
0.9446
0.9486
0.9508
0.9532
0.9495
0.9531
0.954
0.9518
0.9507
0.9358
0.9392
0.9546
0.952
0.9461
0.9557
0.9559
0.9555
0.9519
0.9566
0.9564
0.9501
0.9555
0.9555
0.9556
0.9528
0.9381
0.9576
0.9618
0.9604
0.9568
0.9614
0.9606
0.9599
0.9594
0.9596
0.9631
0.9646
0.9607
0.957
0.9519
0.9376
0.9488
0.9603
0.9627
0.957
0.9541
0.9619
0.9636
0.9584
0.9531
0.9628
0.9654
0.9666
0.9635
0.9607
0.9669
0.9678
0.9673
0.9673
0.9638
0.9677
0.965
0.9645
0.9683
0.9666
0.9687
0.9671
0.9695
0.9688
0.9696
0.9699
0.9678
0.9704
0.9687
0.9679
0.9662
0.9626
0.9673
0.9684
0.9708
0.9682
0.9702
0.9652
0.9663
0.9693
0.9698
0.9646
0.9702
0.9697
0.9661
0.9706
0.9701
0.9706
0.9713
0.9724
0.9724
0.9618
0.9543
0.9277
0.8632
0.9001
0.955
0.9662
0.9661
0.9718
0.9722
0.9716
0.9709
0.9725
0.9703
0.972
0.9711
0.9742
0.9741
0.9742
0.9725
0.9724
0.9741
0.973
0.9739
0.9737
0.9735
0.9697
0.9733
0.9719
0.9728
0.9732
0.9757
0.9746
0.9732
0.9706
0.9718
0.9714
0.9751
0.9754
0.9755
0.9769
0.9762
0.9756
0.9722
0.9757
0.974
0.9761
0.9758
0.9749
0.9751
0.9707
0.9736
0.9771
0.9778
0.9778
0.9766
0.9762
0.9763
0.9762
0.9735
0.9771
0.9776
0.9768
0.978
0.9788
0.9781
0.9749
0.975
0.9775
0.9787
0.9778
0.9768
0.9773
0.9788
0.9785
0.9782
0.9786
0.9785
0.9763
0.9774
0.9778
0.9788
0.9778
0.978
0.9769
0.979
0.9761
0.9787
0.979
0.9772
0.9759
0.9785
0.979
0.9777
0.9775
0.9794
0.9785
0.9787
0.9791
0.9774
0.979
0.9774
0.9787
0.978
0.9792
0.9783
0.978
0.9805
0.9798
0.9791
0.9767
0.9795
0.9789
0.9809
0.9803
0.9783
0.9784
0.9767
0.9799
0.9786
0.9792
0.9776
0.9762
0.9785
0.9774
0.9807
0.9806
0.9814
0.9804
0.9811
0.9798
0.9808
0.9799
0.9794
0.9808
0.9811
0.9806
0.9807
0.9796
0.9793
0.9806
0.9801
0.981
0.9802
0.978
0.9817
0.9814
0.9813
0.9818
0.9824
0.9804
0.9797
0.9816
0.9804
0.9801
0.982
0.9818
0.9812
0.982
0.9787
0.9828
0.9808
0.9805
0.9824
0.9821
0.9826
0.9811
0.9827
0.9818
0.9815
0.9822
0.9812
0.9813
0.9817
0.983
0.9808
0.9801
0.9801
0.9794
0.9821
0.9809
0.9831
0.9821
0.9831
0.9814
0.9825
0.9828
0.983
0.9802
0.9823
0.9827
0.9828
0.9816
0.9831
0.9795
0.9827
0.9835
0.9831
0.983
0.9802
0.9827
0.9818
0.9818
0.9832
0.9826
0.9834
0.983
0.9824
0.9815
0.9815
0.9815
0.9794
0.982
0.9816
0.9833
0.9826
0.9825
0.9831
0.9841
0.9811
0.9848
0.9817
0.9831
0.9833
0.983
0.9833
0.9823
0.9843
0.9841
0.9837
0.9839
0.9845
0.9837
0.9853
0.9852
0.9826
0.9842
0.9833
0.9836
0.9848
0.9828
0.9829
0.9834
0.9838
0.984
0.9835
0.9846
0.9834
0.9848
0.9834
0.9828
0.984
0.9852
0.9834
0.9836
0.9838
0.9851
0.9851
0.9856
0.9844
0.9835
0.9844
0.9851
0.9853
0.9834
0.9845
0.9846
0.9806
0.9821
0.9842
0.9827
0.9814
0.9823
0.9846
0.9841
0.9833
0.984
0.9844
0.9853
0.9852
0.9848
0.9844
0.9853
0.9849
0.9837
0.9852
0.9855
0.9849
0.9842
0.9858
0.9847
0.9851
0.9836
0.9855
0.9851
0.9836
0.9838
0.9829
0.9824
0.9811
0.984
0.9837
0.9851
0.986
0.9844
0.9825
0.985
0.9854
0.9858
0.9859
0.9843
0.9854
0.985
0.9857
0.9851
0.9835
0.9845
0.9845
0.9856
0.9858
0.9848
0.985
0.984
0.9847
0.9856
0.9853
0.9867
0.9854
0.9854
0.9848
0.9859
0.9854
0.9864
0.9864
0.9868
0.9855
0.9866
0.9859
0.9855
0.9865
0.9848
0.9847
0.9858
0.9861
0.9866
0.9858
0.9855
0.985
0.9869
0.9867
0.9865
0.9863
0.9868
0.9855
0.986
0.986
0.9863
0.9859
0.9864
0.9861
0.9864
0.9855
0.984
0.9864
0.9858
0.9865
0.9872
0.9871
0.9862
0.9864
0.9867
0.9875
0.9867
0.9873
0.9874
0.9859
0.9862
0.9854
0.9864
0.9843
0.9856
0.9851
0.987
0.9857
0.9867
0.9873
0.9865
0.9868
0.9857
0.986
0.9861
0.9865
0.9864
0.986
0.9867
0.9859
0.9853
0.9852
0.9856
0.9857
0.9854
0.9864
0.9864
0.9866
0.9864
0.9871
0.9872
0.987
0.987
0.9878
0.9872
0.9878
0.9868
0.9879
0.9865
0.987
0.9868
0.9871
0.9864
0.9877
0.9874
0.9864
0.9862
0.9866
0.9869
0.9861
0.9853
0.9863
0.9876
0.9869
0.9845
0.9873
0.9871
0.9871
0.9866
0.9872
0.9861
0.9848
0.9872
0.9875
0.9873
0.9866
0.9869
0.9866
0.9876
0.9859
0.9853
0.9867
0.9872
0.9864
0.9875
0.9866
0.987
0.9873
0.9866
0.987
0.9869
0.9869
0.9873
0.9876
0.9863
0.9873
0.9873
0.9875
0.986
0.9872
0.9879
0.9854
0.987
0.9869
0.9868
0.987
0.9878
0.9877
0.987
0.987
0.9878
0.9869
0.9879
0.9864
0.9873
0.9862
0.9872
0.9879
0.9873
0.9874
0.9871
0.9871
0.9869
0.9864
0.9869
0.9878
0.9873
0.9876
0.9871
0.988
0.9861
0.9871
0.9884
0.9877
0.9874
0.9879
0.9881
0.9879
0.9868
0.988
0.9877
0.9864
0.9871
0.9876
0.9872
0.9877
0.9882
0.9873
0.9881
0.9887
0.988
0.9883
0.9888
0.9883
0.9865
0.9878
0.9877
0.9874
0.9857
0.9865
0.9875
0.9885
0.9881
0.9879
0.9879
0.9876
0.9871
0.9884
0.9876
0.9879
0.988
0.9884
0.9884
0.9886
0.9891
0.9882
0.9875
0.9889
0.9874
0.989
0.9868
0.9887
0.9879
0.9874
0.9868
0.9873
0.9876
0.9886
0.9869
0.9874
0.987
0.9885
0.9873
0.9887
0.9882
0.9881
0.9882
0.9881
0.9887
0.9889
0.9878
0.9878
0.9882
0.9883
0.9875
0.9883
0.9884
0.9887
0.9893
0.9891
0.9889
0.9882
0.9881
0.9881
0.989
0.9886
0.9886
0.9886
0.9888
0.9892
0.9883
0.988
0.9876
0.988
0.9865
0.9879
0.9883
0.9885
0.9874
0.9865
0.9881
0.9884
0.9882
0.9877
0.9885
0.9891
0.989
0.9887
0.9896
0.9881
0.9892
0.9883
0.989
0.9887
0.9891
0.9887
0.9883
0.9885
0.9879
0.9867
0.9887
0.9887
0.9891
0.9888
0.9873
0.9877
0.9889
0.9885
0.9892
0.9885
0.9882
0.9889
0.9887
0.9869
0.9899
0.9882
0.9881
0.9887
0.9887
0.988
0.9889
0.9888
0.9888
0.9885
0.9887
0.988
0.9886
0.989
0.9891
0.9892
0.9898
0.9886
0.9888
0.9887
0.9876
0.9887
0.989
0.9894
0.9898
0.9889
0.9888
0.9885
0.9892
0.9886
0.9879
0.9887
0.9888
0.9884
0.989
0.9894
0.989
0.9889
0.989
0.9886
0.9884
0.9883
0.9893
0.9879
0.9886
0.989
0.9884
0.9892
0.9893
0.9894
0.9888
0.9888
0.9895
0.9892
0.9893
0.9891
0.9889
0.989
0.9896
0.9877
0.9871
0.9893
0.9888
0.9883
0.9888
0.9888
0.9897
0.9891
0.9895
0.9891
0.9883
0.9893
0.9892
0.9885
0.9884
0.9873
0.9894
0.9896
0.9892
0.9891
0.9886
0.9884
0.9881
0.9894
0.9897
0.9894
0.9892
0.9891
0.9887
0.9893
0.9878
0.9882
0.9888
0.9898
0.9886
0.9893
0.9885
0.9891
0.9892
0.9896
0.9894
0.9905
