0.239
0.2703
0.2104
0.1898
0.3864
0.3753
0.244
0.3756
0.3289
0.4525
0.4597
0.2767
0.4271
0.4247
0.3209
0.5331
0.6179
0.66
0.6023
0.5798
0.6582
0.7324
0.7366
0.728
0.7256
0.5832
0.6878
0.6233
0.4301
0.673
0.8041
0.8494
0.8081
0.8493
0.8702
0.89
0.8663
0.8867
0.8743
0.8521
0.8894
0.9107
0.8934
0.8872
0.8998
0.9068
0.8784
0.7789
0.8592
0.5155
0.7914
0.7736
0.8597
0.9144
0.9155
0.8813
0.9219
0.9325
0.9304
0.9261
0.9261
0.9138
0.9091
0.9234
0.9361
0.9071
0.8557
0.8664
0.9095
0.9396
0.9362
0.9091
0.936
0.9419
0.9423
0.9349
0.9303
0.9139
0.9356
0.9301
0.9423
0.9326
0.946
0.9228
0.9395
0.9455
0.9379
0.924
0.8812
0.8675
0.8752
0.9126
0.9285
0.9182
0.9457
0.9526
0.9451
0.9547
0.9508
0.954
0.9529
0.9548
0.9066
0.8997
0.9507
0.9572
0.953
0.9553
0.9514
0.9236
0.9484
0.9449
0.9568
0.9602
0.9607
0.9386
0.9356
0.9453
0.9487
0.9533
0.9556
0.9485
0.954
0.9568
0.9541
0.9612
0.9514
0.9556
0.9569
0.9585
0.9571
0.9565
0.9632
0.9353
0.9394
0.9613
0.9584
0.9579
0.9667
0.9663
0.9489
0.9144
0.9562
0.9582
0.9562
0.9651
0.964
0.9648
0.965
0.9694
0.9647
0.9605
0.9667
0.9571
0.964
0.9675
0.9687
0.966
0.9664
0.9683
0.9638
0.9483
0.9637
0.9643
0.9613
0.9602
0.9605
0.9652
0.9666
0.969
0.9679
0.9719
0.9667
0.9689
0.967
0.9575
0.9656
0.9607
0.9697
0.9671
0.9595
0.9525
0.9554
0.9613
0.9667
0.9141
0.9079
0.845
0.8548
0.8988
0.9426
0.9615
0.9715
0.968
0.971
0.9721
0.9707
0.9684
0.9708
0.9654
0.9693
0.9708
0.9656
0.9729
0.9746
0.9717
0.9754
0.975
0.9666
0.9637
0.9591
0.9713
0.9631
0.972
0.9718
0.9734
0.9611
0.9727
0.9749
0.973
0.9757
0.9753
0.974
0.9705
0.9634
0.9735
0.9743
0.9757
0.9755
0.973
0.9751
0.973
0.9749
0.9753
0.9753
0.9741
0.977
0.975
0.9746
0.9741
0.9707
0.9763
0.9754
0.9703
0.9759
0.9756
0.9779
0.9763
0.9786
0.9787
0.9774
0.9751
0.9764
0.9779
0.9704
0.9759
0.9762
0.9776
0.9724
0.9671
0.9752
0.9763
0.9741
0.9597
0.9712
0.9775
0.9686
0.9776
0.9779
0.9714
0.9798
0.9767
0.979
0.9781
0.9797
0.9785
0.9743
0.9772
0.9744
0.979
0.9747
0.9782
0.9579
0.9742
0.9784
0.9791
0.9783
0.9761
0.9801
0.9803
0.9794
0.969
0.9779
0.9801
0.9737
0.9728
0.9808
0.9781
0.9786
0.9724
0.9752
0.9771
0.9814
0.9779
0.9604
0.9709
0.9485
0.9449
0.978
0.9796
0.9766
0.9788
0.9804
0.9808
0.9809
0.98
0.9816
0.9825
0.9807
0.9809
0.9761
0.9786
0.9823
0.9789
0.9785
0.9821
0.9801
0.9804
0.9819
0.9748
0.9747
0.9811
0.9823
0.9823
0.981
0.981
0.9762
0.9683
0.9784
0.981
0.9812
0.98
0.9703
0.9816
0.978
0.9811
0.9747
0.9783
0.9715
0.9821
0.9836
0.982
0.9798
0.9839
0.9794
0.983
0.9808
0.9792
0.9804
0.9797
0.9798
0.9798
0.9823
0.9806
0.9823
0.9778
0.9759
0.9795
0.9826
0.9835
0.9792
0.9817
0.9775
0.9805
0.9803
0.9766
0.9761
0.9825
0.9832
0.979
0.9791
0.9791
0.9839
0.9838
0.9832
0.984
0.9835
0.9802
0.9786
0.9782
0.9803
0.982
0.975
0.9774
0.9773
0.9828
0.9839
0.981
0.9801
0.9825
0.9844
0.9834
0.984
0.9801
0.9832
0.9796
0.981
0.9844
0.9806
0.9839
0.9836
0.9824
0.9802
0.984
0.9824
0.9829
0.9838
0.9829
0.9799
0.9838
0.9823
0.9828
0.9842
0.9814
0.9843
0.9835
0.9819
0.9853
0.9845
0.9813
0.9847
0.982
0.984
0.9827
0.9855
0.9828
0.9824
0.9841
0.9851
0.9844
0.9837
0.9838
0.9815
0.9733
0.9843
0.9837
0.9848
0.981
0.9824
0.984
0.9843
0.9825
0.9821
0.9847
0.9737
0.9815
0.9833
0.98
0.9807
0.9842
0.9835
0.9813
0.9842
0.9845
0.9841
0.9858
0.9855
0.9858
0.9844
0.9838
0.9813
0.9802
0.9824
0.9841
0.9832
0.9843
0.9846
0.9843
0.9863
0.9796
0.9846
0.9855
0.9848
0.9836
0.9839
0.9845
0.9824
0.985
0.986
0.9858
0.9862
0.985
0.9857
0.9848
0.9859
0.9814
0.9822
0.9859
0.9853
0.9855
0.9828
0.9834
0.9841
0.9807
0.9815
0.9767
0.9808
0.9825
0.9827
0.981
0.9829
0.9812
0.9849
0.984
0.9833
0.9833
0.9815
0.9851
0.9838
0.9836
0.9856
0.9859
0.9856
0.9852
0.9851
0.9865
0.9861
0.9846
0.9849
0.9847
0.9868
0.986
0.9856
0.9845
0.9837
0.9837
0.9855
0.983
0.9818
0.9838
0.9854
0.9862
0.9862
0.9862
0.9828
0.9862
0.9836
0.9805
0.9849
0.9805
0.9835
0.9869
0.9859
0.9852
0.987
0.9855
0.9842
0.9812
0.9809
0.9838
0.9858
0.9853
0.9845
0.9869
0.9837
0.9836
0.9853
0.9854
0.985
0.986
0.9861
0.9834
0.9858
0.9829
0.984
0.9838
0.9866
0.9864
0.9821
0.9855
0.9829
0.9857
0.9841
0.9866
0.9863
0.9863
0.9843
0.9845
0.9854
0.9866
0.987
0.9854
0.9867
0.9866
0.9832
0.9841
0.9832
0.9815
0.9781
0.9636
0.9601
0.9031
0.9527
0.983
0.9854
0.984
0.9824
0.9842
0.9827
0.9844
0.9861
0.9839
0.9828
0.9871
0.9828
0.9834
0.9877
0.9866
0.988
0.9868
0.9833
0.9863
0.9853
0.9857
0.9867
0.9871
0.9879
0.9869
0.987
0.9863
0.9853
0.9867
0.9875
0.9862
0.986
0.9877
0.9861
0.9875
0.987
0.9864
0.9822
0.9882
0.9875
0.9872
0.9884
0.9859
0.9863
0.9866
0.988
0.9873
0.981
0.9859
0.986
0.9859
0.9857
0.9878
0.987
0.9884
0.9864
0.9879
0.9864
0.9849
0.9869
0.9879
0.9871
0.9865
0.9869
0.9865
0.9865
0.9858
0.9862
0.9866
0.986
0.9847
0.9859
0.9877
0.9875
0.9858
0.9871
0.9876
0.9872
0.985
0.9863
0.983
0.986
0.9882
0.9869
0.9873
0.9838
0.9862
0.9872
0.9884
0.9879
0.9875
0.9867
0.9869
0.9851
0.9876
0.9873
0.9869
0.9875
0.987
0.9862
0.9866
0.9846
0.9843
0.9857
0.9851
0.9868
0.9864
0.986
0.9872
0.9857
0.983
0.9867
0.9855
0.9882
0.988
0.986
0.9883
0.9877
0.9884
0.9855
0.9879
0.9878
0.9874
0.9862
0.9837
0.9854
0.9845
0.988
0.9862
0.9876
0.9879
0.9856
0.987
0.9853
0.9853
0.9878
0.9873
0.9884
0.987
0.9877
0.9877
0.9873
0.9881
0.9868
0.9871
0.9874
0.9858
0.9876
0.9885
0.9876
0.9876
0.9878
0.9862
0.9887
0.9868
0.9855
0.9823
0.9877
0.9869
0.9882
0.9871
0.985
0.985
0.9876
0.9855
0.9887
0.9882
0.9858
0.9884
0.9851
0.9874
0.9879
0.9873
0.9876
0.9844
0.9871
0.986
0.984
0.9717
0.9782
0.9878
0.9875
0.9879
0.9859
0.9837
0.9877
0.9879
0.9875
0.987
0.9866
0.9876
0.9884
0.984
0.9838
0.9873
0.986
0.9879
0.9887
0.9889
0.9867
0.9882
0.9881
0.9877
0.988
0.9871
0.9886
0.9832
0.9878
0.9884
0.989
0.9878
0.9878
0.987
0.986
0.9864
0.9851
0.9878
0.9892
0.987
0.9892
0.9887
0.9849
0.9879
0.9855
0.9877
0.9885
0.9886
0.9891
0.9883
0.9889
0.9872
0.9871
0.9857
0.9884
0.9871
0.9876
0.9866
0.9886
0.9877
0.9871
0.9874
0.9875
0.9874
0.9879
0.9889
0.9889
0.9867
0.987
0.9879
0.9886
0.9868
0.9883
0.9868
0.9897
0.9881
0.9871
0.9762
0.9789
0.9727
0.9857
0.9874
0.9881
0.9874
0.988
0.989
0.9891
0.9892
0.9891
0.9888
0.9881
0.9888
0.9887
0.9875
0.9882
0.985
0.9871
0.9876
0.989
0.9876
0.9884
0.9881
0.9891
0.9897
0.9877
0.9861
0.9869
0.9877
0.9868
0.9873
0.9882
0.9863
0.9887
0.9892
0.9889
0.9891
0.9882
0.9866
0.9882
0.9875
0.9883
0.9885
0.9895
0.9878
0.9864
0.9877
0.9875
0.9848
0.987
0.9847
0.9884
0.9885
0.9881
0.9871
0.9877
0.9879
0.9875
0.9891
0.9892
0.989
0.9883
0.9894
0.9889
0.989
0.9894
0.9878
0.9869
0.9892
0.9896
0.9891
0.9892
0.9873
0.9886
0.9887
0.9888
0.9888
0.99
