0.1723
0.6745
0.7463
0.9166
0.9419
0.9554
0.9601
0.9589
0.968
0.9709
0.9707
0.9756
0.9748
0.9779
0.9766
0.9793
0.9803
0.9818
0.9828
0.9808
0.9829
0.9839
0.9844
0.9846
0.9858
0.9867
0.9855
0.9869
0.9864
0.9874
0.9859
0.9871
0.9868
0.9873
0.9885
0.9889
0.9883
0.9882
0.9879
0.9884
0.9882
0.9892
0.9899
0.9898
0.9888
0.9891
0.989
0.9894
0.9896
0.9899
0.989
0.989
0.9896
0.9893
0.9888
0.9898
0.9899
0.9905
0.9905
0.9899
0.9897
0.9907
0.9904
0.9906
0.9909
0.9901
0.9899
0.9906
0.9904
0.9908
0.9911
0.9913
0.991
0.9916
0.9914
0.9913
0.9913
0.991
0.991
0.9902
0.9913
0.9906
0.9909
0.9911
0.9921
0.9917
0.9917
0.9914
0.9914
0.9911
0.9917
0.9904
0.9914
0.9913
0.9916
0.9904
0.992
0.9912
0.9915
0.9918
