0.8025
0.8847
0.9153
0.9252
0.9371
0.9438
0.9488
0.9554
0.9594
0.9618
0.966
0.9684
0.9698
0.971
0.9734
0.9741
0.9752
0.9748
0.9756
0.9769
0.9781
0.9791
0.9783
0.9792
0.9804
0.9807
0.9801
0.9815
0.9814
0.9823
0.9827
0.9832
0.9826
0.9831
0.9837
0.9831
0.9837
0.983
0.9839
0.9851
0.9843
0.9838
0.9841
0.984
0.9852
0.9846
0.9842
0.985
0.9852
0.984
0.9855
0.9859
0.9864
0.985
0.9856
0.9854
0.9857
0.9857
0.9865
0.9854
0.986
0.9866
0.9872
0.9864
0.9867
0.9871
0.9872
0.9873
0.9873
0.9869
0.9868
0.9869
0.9871
0.9867
0.9879
0.9873
0.9867
0.9871
0.987
0.9875
0.9875
0.9884
0.9878
0.9876
0.9876
0.9879
0.9872
0.9883
0.9878
0.9871
0.9881
0.9884
0.9885
0.9888
0.9879
0.988
0.9884
0.9885
0.9885
0.9886
0.9883
0.989
0.9886
0.9889
0.9887
0.9891
0.9888
0.9888
0.989
0.9882
0.9887
0.989
0.9893
0.9886
0.9879
0.9883
0.989
0.9898
0.9896
0.9892
0.9891
0.9898
0.9897
0.989
0.9888
0.9893
0.9889
0.9888
0.9882
0.9894
0.9889
0.9892
0.9898
0.9888
0.9897
0.9896
0.989
0.9894
0.9889
0.9892
0.9893
0.99
