0.7205
0.461
0.6775
0.6705
0.8093
0.8372
0.9014
0.942
0.9464
0.9529
0.9549
0.9598
0.9615
0.9647
0.9655
0.9684
0.9701
0.971
0.9716
0.9741
0.9731
0.9747
0.9757
0.9761
0.977
0.9758
0.979
0.9784
0.9795
0.9799
0.9798
0.9796
0.9809
0.9814
0.9813
0.9825
0.9806
0.9819
0.9822
0.9826
0.9827
0.9834
0.984
0.9832
0.9839
0.9844
0.9848
0.9847
0.9836
0.9847
0.9852
0.9845
0.9845
0.9861
0.9854
0.9858
0.9855
0.9854
0.9865
0.9857
0.9853
0.9851
0.9854
0.9865
0.987
0.987
0.9876
0.9875
0.9867
0.9857
0.9863
0.9861
0.9861
0.9867
0.9884
0.9866
0.9869
0.9875
0.9874
0.9871
0.9869
0.9882
0.9877
0.9873
0.9873
0.9878
0.9877
0.9878
0.9879
0.988
0.9875
0.9887
0.9874
0.9885
0.9885
0.9888
0.9884
0.9879
0.9879
0.9882
0.9883
0.9885
0.9891
0.9882
0.9883
0.9891
0.988
0.9883
0.9885
0.9887
0.9892
0.989
0.9892
0.9888
0.9893
0.9883
0.9889
0.9889
0.9894
0.989
0.989
0.9888
0.9894
0.989
0.9886
0.9888
0.9896
0.9894
0.9893
0.9891
0.9897
0.9892
0.9901
0.9898
0.9899
0.9897
0.989
0.9889
0.9901
0.989
0.9898
0.9894
0.9903
0.9903
0.9894
0.9897
0.9897
0.9901
0.9896
0.9901
0.9893
0.9902
0.9904
0.9899
0.99
0.9898
0.99
0.9897
0.9902
0.989
0.9898
0.9906
0.9902
0.9896
0.9898
0.9898
0.9902
0.9898
0.9903
0.9907
0.9893
0.9895
0.9904
0.9898
0.9893
0.9901
0.9903
0.9898
0.9907
0.9895
0.9902
0.9906
0.9904
0.9909
0.9907
0.9903
0.9903
0.9907
0.9903
0.9906
0.9894
0.9907
0.9897
0.9897
0.9903
0.99
0.9896
0.9896
0.9906
0.9902
