0.2327
0.3031
0.4316
0.319
0.1984
0.4381
0.3865
0.4951
0.5209
0.7167
0.6901
0.735
0.9178
0.8901
0.9144
0.7856
0.8701
0.8309
0.7941
0.6951
0.9457
0.9065
0.9367
0.8888
0.9175
0.9095
0.8625
0.9434
0.9653
0.9541
0.933
0.9408
0.8641
0.8561
0.8773
0.9095
0.9555
0.9728
0.9496
0.9723
0.9746
0.9705
0.9581
0.9481
0.9598
0.9621
0.9683
0.9721
0.9639
0.918
0.8607
0.9654
0.98
0.9781
0.9805
0.9805
0.9798
0.9738
0.9805
0.9686
0.9584
0.9738
0.9604
0.98
0.9772
0.9778
0.9734
0.9768
0.9826
0.9829
0.9745
0.9706
0.9684
0.982
0.9827
0.9832
0.9771
0.9741
0.983
0.9826
0.9821
0.9849
0.9861
0.9784
0.9842
0.9849
0.9799
0.9764
0.9795
0.982
0.9844
0.9818
0.9867
0.9828
0.9848
0.9739
0.9857
0.9728
0.9552
0.9823
0.9782
0.9805
0.9532
0.975
0.973
0.9835
0.9674
0.9786
0.9824
0.9857
0.9722
0.9749
0.9867
0.9858
0.9852
0.9782
0.9656
0.8719
0.9479
0.9776
0.9782
0.9819
0.9813
0.9822
0.9868
0.9866
0.9874
0.9877
0.9706
0.982
0.9883
0.9871
0.9895
0.9862
0.9873
0.9851
0.9871
0.9881
0.9844
0.9889
0.9876
0.989
0.9872
0.9886
0.9856
0.9839
0.9746
0.9874
0.9697
0.9826
0.9886
0.9819
0.9835
0.9861
0.9876
0.985
0.9874
0.9853
0.9853
0.9886
0.9903
